[0.0022831050228310223, 0.052631578947368474, 0.032258064516129004, 0.06666666666666665, 0.018867924528301883, 0.0454545454545
45414, 0.02941176470588236, 0.050000000000000044, 0.040000000000000036, 0.04347826086956519, 0.045454545454545414, 0.037037037
03703709, 0.0714285714285714, 0.040000000000000036, 0.06666666666666665, 0.040000000000000036, 0.045454545454545414, 0.0030487
804878048808, 0.050000000000000044, 0.050000000000000044, 0.040000000000000036, 0.032258064516129004, 0.033333333333333326, 0.
033333333333333326, 0.045454545454545414, 0.06666666666666665, 0.052631578947368474, 0.06666666666666665, 0.033333333333333326
, 0.033333333333333326, 0.040000000000000036, 0.04347826086956519, 0.03703703703703709, 0.0714285714285714, 0.0400000000000000
36, 0.045454545454545414, 0.033333333333333326, 0.050000000000000044, 0.02857142857142858, 0.033333333333333326, 0.03125, 0.02
3809523809523836, 0.040000000000000036, 0.032258064516129004, 0.033333333333333326, 0.033333333333333326, 0.010869565217391353
, 0.045454545454545414, 0.013513513513513487, 0.06666666666666665, 0.052631578947368474, 0.06666666666666665, 0.05000000000000
0044, 0.018867924528301883, 0.033333333333333326, 0.040000000000000036, 0.04347826086956519, 0.03703703703703709, 0.0714285714
285714, 0.040000000000000036, 0.045454545454545414, 0.02941176470588236, 0.050000000000000044, 0.02857142857142858, 0.04545454
5454545414, 0.033333333333333326, 0.045454545454545414, 0.050000000000000044, 0.0714285714285714, 0.033333333333333326, 0.0526
31578947368474, 0.032258064516129004, 0.06666666666666665, 0.045454545454545414, 0.050000000000000044, 0.040000000000000036, 0
.045454545454545414, 0.03703703703703709, 0.0714285714285714, 0.040000000000000036, 0.06666666666666665, 0.040000000000000036,
 0.004566210045662156, 0.03125, 0.032258064516129004, 0.033333333333333326, 0.033333333333333326, 0.010869565217391353, 0.0454
54545454545414, 0.013513513513513487, 0.06666666666666665, 0.052631578947368474, 0.06666666666666665, 0.033333333333333326, 0.
033333333333333326, 0.040000000000000036, 0.04347826086956519, 0.03703703703703709, 0.0714285714285714, 0.004672897196261627,
0.040000000000000036, 0.045454545454545414, 0.033333333333333326, 0.02941176470588236, 0.050000000000000044, 0.008695652173912
993, 0.033333333333333326, 0.03125, 0.023809523809523836, 0.005952380952380931, 0.040000000000000036, 0.005235602094240788, 0.
032258064516129004, 0.0008169934640522847, 0.033333333333333326, 0.033333333333333326, 0.045454545454545414, 0.014285714285714
235, 0.0023419203747072626, 0.06666666666666665, 0.052631578947368474, 0.0029325513196480912, 0.06666666666666665, 0.050000000
000000044, 0.018867924528301883, 0.033333333333333326, 0.033333333333333326, 0.006535947712418277, 0.040000000000000036, 0.043
47826086956519, 0.0028985507246376274, 0.004566210045662156, 0.03703703703703709, 0.0714285714285714, 0.009708737864077666, 0.
040000000000000036, 0.045454545454545414, 0.033333333333333326, 0.02941176470588236, 0.050000000000000044, 0.01428571428571423
5, 0.0014471780028944004, 0.008196721311475419, 0.0092592592592593, 0.033333333333333326, 0.052631578947368474, 0.066666666666
66665, 0.033333333333333326, 0.045454545454545414, 0.033333333333333326, 0.033333333333333326, 0.033333333333333326, 0.0333333
33333333326, 0.050000000000000044, 0.040000000000000036, 0.04347826086956519, 0.045454545454545414, 0.03703703703703709, 0.071
4285714285714, 0.040000000000000036, 0.033333333333333326, 0.040000000000000036, 0.0008169934640522847, 0.033333333333333326,
0.033333333333333326, 0.033333333333333326, 0.033333333333333326, 0.033333333333333326, 0.050000000000000044, 0.00925925925925
93, 0.033333333333333326, 0.002564102564102555, 0.0012853470437017567, 0.0028328611898017497, 0.00588235294117645, 0.003174603
1746031633, 0.0015748031496063408, 0.0030864197530864335, 0.005235602094240788, 0.0008169934640522847, 0.033333333333333326, 0
.0026525198938992522, 0.0019493177387914784, 0.0026525198938992522, 0.004098360655737654, 0.0012499999999999734, 0.00200400801
6032066, 0.0027247956403270157, 0.0023419203747072626, 0.06666666666666665, 0.0012499999999999734, 0.00588235294117645, 0.0030
487804878048808, 0.0031347962382445305, 0.050000000000000044, 0.0011862396204033177, 0.033333333333333326, 0.03333333333333332
6, 0.04347826086956519, 0.0060240963855421326, 0.0009551098376313627, 0.0009532888465204614, 0.0020746887966804906, 0.00598802
3952095856, 0.004566210045662156, 0.0012953367875647714, 0.002617801047120394, 0.033333333333333326, 0.005494505494505475, 0.0
50000000000000044, 0.0040322580645161255, 0.0031347962382445305, 0.0012499999999999734, 0.006711409395973145, 0.00145560407569
14523, 0.005988023952095856, 0.033333333333333326, 0.052631578947368474, 0.032258064516129004, 0.06666666666666665, 0.04545454
5454545414, 0.050000000000000044, 0.040000000000000036, 0.045454545454545414, 0.03703703703703709, 0.0714285714285714, 0.04000
0000000000036, 0.06666666666666665, 0.040000000000000036, 0.052631578947368474, 0.032258064516129004, 0.06666666666666665, 0.0
3125, 0.045454545454545414, 0.02941176470588236, 0.050000000000000044, 0.040000000000000036, 0.04347826086956519, 0.0454545454
54545414, 0.03703703703703709, 0.0714285714285714, 0.040000000000000036, 0.06666666666666665, 0.040000000000000036, 0.03125, 0
.023809523809523836, 0.008264462809917328, 0.0045045045045044585, 0.040000000000000036, 0.01666666666666672, 0.032258064516129
004, 0.033333333333333326, 0.033333333333333326, 0.019607843137254943, 0.014925373134328401, 0.004739336492891044, 0.010869565
217391353, 0.045454545454545414, 0.008695652173912993, 0.013513513513513487, 0.06666666666666665, 0.004761904761904745, 0.0526
31578947368474, 0.06666666666666665, 0.050000000000000044, 0.012499999999999956, 0.018867924528301883, 0.033333333333333326, 0
.033333333333333326, 0.008196721311475419, 0.040000000000000036, 0.04347826086956519, 0.0035211267605633756, 0.010416666666666
63, 0.022222222222222254, 0.03703703703703709, 0.0714285714285714, 0.021276595744680882, 0.040000000000000036, 0.0196078431372
54943, 0.012499999999999956, 0.045454545454545414, 0.033333333333333326, 0.02941176470588236, 0.050000000000000044, 0.00403225
80645161255, 0.004484304932735439, 0.007874015748031482, 0.008695652173912993, 0.02857142857142858, 0.004149377593360981, 0.00
8196721311475419, 0.033333333333333326, 0.002564102564102555, 0.0012853470437017567, 0.0031746031746031633, 0.0026525198938992
522, 0.0019493177387914784, 0.004098360655737654, 0.0012499999999999734, 0.002004008016032066, 0.0027247956403270157, 0.002341
9203747072626, 0.06666666666666665, 0.0012499999999999734, 0.0030487804878048808, 0.0031347962382445305, 0.050000000000000044,
 0.0011862396204033177, 0.033333333333333326, 0.04347826086956519, 0.0009551098376313627, 0.0009532888465204614, 0.00207468879
66804906, 0.050000000000000044, 0.0040322580645161255, 0.0012499999999999734, 0.006711409395973145, 0.0014556040756914523, 0.0
33333333333333326, 0.052631578947368474, 0.06666666666666665, 0.033333333333333326, 0.045454545454545414, 0.033333333333333326
, 0.033333333333333326, 0.033333333333333326, 0.033333333333333326, 0.050000000000000044, 0.040000000000000036, 0.045454545454
545414, 0.03703703703703709, 0.0714285714285714, 0.040000000000000036, 0.033333333333333326, 0.040000000000000036, 0.002564102
564102555, 0.0012853470437017567, 0.0028328611898017497, 0.00588235294117645, 0.0031746031746031633, 0.0015748031496063408, 0.
0030864197530864335, 0.005235602094240788, 0.0008169934640522847, 0.033333333333333326, 0.0026525198938992522, 0.0019493177387
914784, 0.0026525198938992522, 0.004098360655737654, 0.0012499999999999734, 0.002004008016032066, 0.0027247956403270157, 0.002
3419203747072626, 0.06666666666666665, 0.0012499999999999734, 0.00588235294117645, 0.0030487804878048808, 0.003134796238244530
5, 0.050000000000000044, 0.0011862396204033177, 0.033333333333333326, 0.033333333333333326, 0.04347826086956519, 0.00602409638
55421326, 0.0009551098376313627, 0.0033670033670033517, 0.0009532888465204614, 0.0020746887966804906, 0.005988023952095856, 0.
004566210045662156, 0.0012953367875647714, 0.002617801047120394, 0.033333333333333326, 0.005494505494505475, 0.001960784313725
4832, 0.050000000000000044, 0.0040322580645161255, 0.0031347962382445305, 0.0012499999999999734, 0.006711409395973145, 0.00145
56040756914523, 0.005988023952095856, 0.033333333333333326, 0.052631578947368474, 0.032258064516129004, 0.06666666666666665, 0
.03125, 0.050000000000000044, 0.045454545454545414, 0.02941176470588236, 0.050000000000000044, 0.040000000000000036, 0.0434782
6086956519, 0.045454545454545414, 0.03703703703703709, 0.0714285714285714, 0.040000000000000036, 0.06666666666666665, 0.040000
000000000036, 0.040000000000000036, 0.032258064516129004, 0.033333333333333326, 0.033333333333333326, 0.045454545454545414, 0.
06666666666666665, 0.052631578947368474, 0.06666666666666665, 0.033333333333333326, 0.033333333333333326, 0.040000000000000036
, 0.04347826086956519, 0.03703703703703709, 0.0714285714285714, 0.040000000000000036, 0.045454545454545414, 0.0333333333333333
26, 0.02941176470588236, 0.050000000000000044, 0.033333333333333326, 0.002564102564102555, 0.0012853470437017567, 0.0028328611
898017497, 0.00588235294117645, 0.0031746031746031633, 0.0015748031496063408, 0.0030864197530864335, 0.005235602094240788, 0.0
008169934640522847, 0.033333333333333326, 0.0026525198938992522, 0.0019493177387914784, 0.0026525198938992522, 0.0040983606557
37654, 0.0012499999999999734, 0.002004008016032066, 0.0027247956403270157, 0.0023419203747072626, 0.06666666666666665, 0.00124
99999999999734, 0.00588235294117645, 0.0030487804878048808, 0.0031347962382445305, 0.050000000000000044, 0.0011862396204033177
, 0.033333333333333326, 0.033333333333333326, 0.04347826086956519, 0.0060240963855421326, 0.0009551098376313627, 0.00095328884
65204614, 0.0020746887966804906, 0.005988023952095856, 0.004566210045662156, 0.0012953367875647714, 0.002617801047120394, 0.03
3333333333333326, 0.005494505494505475, 0.0019607843137254832, 0.050000000000000044, 0.0040322580645161255, 0.0031347962382445
305, 0.0012499999999999734, 0.006711409395973145, 0.0014556040756914523, 0.005988023952095856, 0.033333333333333326, 0.0454545
45454545414, 0.045454545454545414, 0.050000000000000044, 0.0714285714285714, 0.052631578947368474, 0.03125, 0.0041322314049586
64, 0.003875968992248069, 0.008130081300813052, 0.023809523809523836, 0.0092592592592593, 0.040000000000000036, 0.032258064516
129004, 0.0032573289902280145, 0.00512820512820511, 0.045454545454545414, 0.06666666666666665, 0.052631578947368474, 0.0666666
6666666665, 0.008333333333333304, 0.0031347962382445305, 0.050000000000000044, 0.006535947712418277, 0.040000000000000036, 0.0
4347826086956519, 0.003875968992248069, 0.03703703703703709, 0.0714285714285714, 0.005649717514124242, 0.006849315068493178, 0
.040000000000000036, 0.00917431192660545, 0.019607843137254943, 0.0012953367875647714, 0.045454545454545414, 0.029411764705882
36, 0.050000000000000044, 0.0040322580645161255, 0.0031347962382445305, 0.022222222222222254, 0.004255319148936176, 0.04000000
0000000036, 0.0714285714285714, 0.050000000000000044, 0.023809523809523836, 0.040000000000000036, 0.032258064516129004, 0.0333
33333333333326, 0.033333333333333326, 0.045454545454545414, 0.06666666666666665, 0.052631578947368474, 0.06666666666666665, 0.
050000000000000044, 0.033333333333333326, 0.033333333333333326, 0.040000000000000036, 0.04347826086956519, 0.03703703703703709
, 0.0714285714285714, 0.040000000000000036, 0.045454545454545414, 0.033333333333333326, 0.050000000000000044, 0.02857142857142
858, 0.033333333333333326, 0.033333333333333326, 0.033333333333333326, 0.033333333333333326, 0.033333333333333326, 0.033333333
333333326, 0.050000000000000044, 0.033333333333333326, 0.0008169934640522847, 0.033333333333333326, 0.033333333333333326, 0.03
3333333333333326, 0.033333333333333326, 0.033333333333333326, 0.050000000000000044, 0.0092592592592593, 0.033333333333333326,
0.0092592592592593, 0.002564102564102555, 0.0033670033670033517, 0.0030487804878048808, 0.03125, 0.0031347962382445305, 0.0500
00000000000044, 0.050000000000000044, 0.045454545454545414, 0.04347826086956519, 0.0031347962382445305, 0.0714285714285714, 0.
02857142857142858, 0.06666666666666665, 0.052631578947368474, 0.050000000000000044, 0.052631578947368474, 0.032258064516129004
, 0.06666666666666665, 0.045454545454545414, 0.050000000000000044, 0.040000000000000036, 0.04347826086956519, 0.04545454545454
5414, 0.03703703703703709, 0.0714285714285714, 0.040000000000000036, 0.06666666666666665, 0.040000000000000036, 0.033333333333
333326, 0.033333333333333326, 0.033333333333333326, 0.050000000000000044, 0.040000000000000036, 0.032258064516129004, 0.033333
333333333326, 0.033333333333333326, 0.045454545454545414, 0.06666666666666665, 0.052631578947368474, 0.06666666666666665, 0.05
0000000000000044, 0.033333333333333326, 0.033333333333333326, 0.040000000000000036, 0.04347826086956519, 0.03703703703703709,
0.0714285714285714, 0.040000000000000036, 0.045454545454545414, 0.033333333333333326, 0.050000000000000044, 0.0285714285714285
8, 0.033333333333333326, 0.045454545454545414, 0.045454545454545414, 0.040000000000000036, 0.050000000000000044, 0.03703703703
703709, 0.0714285714285714, 0.0008169934640522847, 0.033333333333333326, 0.033333333333333326, 0.033333333333333326, 0.0333333
33333333326, 0.033333333333333326, 0.050000000000000044, 0.0092592592592593, 0.033333333333333326, 0.0092592592592593, 0.05263
1578947368474, 0.032258064516129004, 0.06666666666666665, 0.045454545454545414, 0.050000000000000044, 0.040000000000000036, 0.
045454545454545414, 0.03703703703703709, 0.0714285714285714, 0.040000000000000036, 0.06666666666666665, 0.040000000000000036,
0.002564102564102555, 0.0012853470437017567, 0.0028328611898017497, 0.00588235294117645, 0.0031746031746031633, 0.001574803149
6063408, 0.0030864197530864335, 0.0008169934640522847, 0.033333333333333326, 0.0026525198938992522, 0.0019493177387914784, 0.0
026525198938992522, 0.004098360655737654, 0.0012499999999999734, 0.002004008016032066, 0.0027247956403270157, 0.00234192037470
72626, 0.06666666666666665, 0.0012499999999999734, 0.00588235294117645, 0.0030487804878048808, 0.0031347962382445305, 0.050000
000000000044, 0.0011862396204033177, 0.033333333333333326, 0.033333333333333326, 0.04347826086956519, 0.0060240963855421326, 0
.0009551098376313627, 0.0009532888465204614, 0.0020746887966804906, 0.005988023952095856, 0.004566210045662156, 0.001295336787
5647714, 0.002617801047120394, 0.033333333333333326, 0.005494505494505475, 0.0019607843137254832, 0.050000000000000044, 0.0040
322580645161255, 0.0031347962382445305, 0.0012499999999999734, 0.006711409395973145, 0.0014556040756914523, 0.0059880239520958
56, 0.033333333333333326, 0.06666666666666665, 0.018867924528301883, 0.045454545454545414, 0.050000000000000044, 0.04000000000
0000036, 0.045454545454545414, 0.03703703703703709, 0.0714285714285714, 0.06666666666666665, 0.052631578947368474, 0.050000000
000000044, 0.052631578947368474, 0.032258064516129004, 0.06666666666666665, 0.045454545454545414, 0.050000000000000044, 0.0400
00000000000036, 0.045454545454545414, 0.03703703703703709, 0.0714285714285714, 0.040000000000000036, 0.06666666666666665, 0.04
0000000000000036, 0.050000000000000044, 0.052631578947368474, 0.06666666666666665, 0.050000000000000044, 0.018867924528301883,
 0.045454545454545414, 0.050000000000000044, 0.040000000000000036, 0.045454545454545414, 0.03703703703703709, 0.07142857142857
14, 0.06666666666666665, 0.040000000000000036, 0.0012853470437017567, 0.01388888888888884, 0.023809523809523836, 0.01515151515
1515138, 0.008264462809917328, 0.012048192771084376, 0.032258064516129004, 0.010869565217391353, 0.006756756756756799, 0.01428
5714285714235, 0.010752688172043001, 0.006578947368421018, 0.06666666666666665, 0.008333333333333304, 0.01098901098901095, 0.0
12499999999999956, 0.011111111111111072, 0.008196721311475419, 0.04347826086956519, 0.03703703703703709, 0.040000000000000036,
 0.0033670033670033517, 0.004166666666666652, 0.014285714285714235, 0.0012953367875647714, 0.045454545454545414, 0.02941176470
588236, 0.004484304932735439, 0.011111111111111072, 0.012820512820512775, 0.014285714285714235, 0.008403361344537785, 0.001249
9999999999734, 0.006711409395973145, 0.012345679012345734, 0.008264462809917328, 0.010000000000000009, 0.008264462809917328, 0
.0045045045045044585, 0.006535947712418277, 0.003597122302158251, 0.004166666666666652, 0.01666666666666672, 0.008403361344537
785, 0.0019493177387914784, 0.014925373134328401, 0.0035211267605633756, 0.052631578947368474, 0.004201680672268893, 0.0082644
62809917328, 0.013157894736842146, 0.040000000000000036, 0.01041666666666663, 0.0071428571428571175, 0.021276595744680882, 0.0
12658227848101222, 0.00390625, 0.007874015748031482, 0.012987012987012991, 0.0037735849056603765, 0.0031347962382445305, 0.028
57142857142858, 0.008196721311475419, 0.022222222222222254, 0.004255319148936176, 0.012048192771084376, 0.012195121951219523,
0.004132231404958664, 0.003875968992248069, 0.008130081300813052, 0.004901960784313708, 0.005847953216374324, 0.01176470588235
29, 0.040000000000000036, 0.012987012987012991, 0.019607843137254943, 0.008403361344537785, 0.003154574132492094, 0.0020040080
16032066, 0.06666666666666665, 0.0012499999999999734, 0.0031347962382445305, 0.013513513513513487, 0.050000000000000044, 0.008
264462809917328, 0.018867924528301883, 0.012658227848101222, 0.0028985507246376274, 0.004566210045662156, 0.009708737864077666
, 0.012987012987012991, 0.006172839506172867, 0.019607843137254943, 0.006711409395973145, 0.012499999999999956, 0.007462686567
164201, 0.005952380952380931, 0.0014556040756914523, 0.03125, 0.012345679012345734, 0.01098901098901095, 0.00303030303030305,
0.0046511627906976605, 0.0012499999999999734, 0.045454545454545414, 0.008695652173912993, 0.011111111111111072, 0.004524886877
828038, 0.010000000000000009, 0.013698630136986356, 0.003875968992248069, 0.009433962264150941, 0.013157894736842146, 0.011494
252873563204, 0.003875968992248069, 0.0714285714285714, 0.006849315068493178, 0.00990099009900991, 0.050000000000000044, 0.004
0322580645161255, 0.0030487804878048808, 0.005847953216374324, 0.004149377593360981, 0.002564102564102555, 0.00128534704370175
67, 0.0031746031746031633, 0.0026525198938992522, 0.0019493177387914784, 0.004098360655737654, 0.0012499999999999734, 0.002004
008016032066, 0.0027247956403270157, 0.0023419203747072626, 0.06666666666666665, 0.0012499999999999734, 0.0030487804878048808,
 0.0031347962382445305, 0.050000000000000044, 0.0011862396204033177, 0.033333333333333326, 0.04347826086956519, 0.000955109837
6313627, 0.0009532888465204614, 0.0020746887966804906, 0.050000000000000044, 0.0040322580645161255, 0.0012499999999999734, 0.0
06711409395973145, 0.0014556040756914523, 0.033333333333333326, 0.004566210045662156, 0.03125, 0.004385964912280715, 0.0038022
813688213253, 0.023809523809523836, 0.008264462809917328, 0.008264462809917328, 0.0031746031746031633, 0.040000000000000036, 0
.006711409395973145, 0.005235602094240788, 0.032258064516129004, 0.008403361344537785, 0.0019493177387914784, 0.00325732899022
80145, 0.0026525198938992522, 0.004739336492891044, 0.008403361344537785, 0.003154574132492094, 0.045454545454545414, 0.006756
756756756799, 0.0027247956403270157, 0.004524886877828038, 0.006849315068493178, 0.0023419203747072626, 0.06666666666666665, 0
.004761904761904745, 0.003875968992248069, 0.052631578947368474, 0.004901960784313708, 0.006578947368421018, 0.066666666666666
65, 0.0030487804878048808, 0.0031347962382445305, 0.008264462809917328, 0.008264462809917328, 0.008196721311475419, 0.04000000
0000000036, 0.006535947712418277, 0.0035211267605633756, 0.004366812227074246, 0.003875968992248069, 0.004566210045662156, 0.0
05780346820809301, 0.005649717514124242, 0.0714285714285714, 0.03703703703703709, 0.04347826086956519, 0.006849315068493178, 0
.009708737864077666, 0.040000000000000036, 0.019607843137254943, 0.0014556040756914523, 0.0012953367875647714, 0.0454545454545
45414, 0.02941176470588236, 0.050000000000000044, 0.0040322580645161255, 0.004484304932735439, 0.007874015748031482, 0.0074626
86567164201, 0.005952380952380931, 0.008695652173912993, 0.008403361344537785, 0.004366812227074246, 0.004149377593360981, 0.0
03389830508474523, 0.0037735849056603765, 0.008196721311475419, 0.0031446540880503138, 0.004255319148936176, 0.008264462809917
328, 0.033333333333333326, 0.033333333333333326, 0.033333333333333326, 0.050000000000000044, 0.03125, 0.005952380952380931, 0.
0031746031746031633, 0.040000000000000036, 0.032258064516129004, 0.045454545454545414, 0.06666666666666665, 0.0038759689922480
69, 0.052631578947368474, 0.06666666666666665, 0.040000000000000036, 0.04347826086956519, 0.03703703703703709, 0.0714285714285
714, 0.040000000000000036, 0.045454545454545414, 0.02941176470588236, 0.050000000000000044, 0.005847953216374324, 0.0526315789
47368474, 0.06666666666666665, 0.033333333333333326, 0.018867924528301883, 0.033333333333333326, 0.033333333333333326, 0.03333
3333333333326, 0.033333333333333326, 0.045454545454545414, 0.050000000000000044, 0.040000000000000036, 0.045454545454545414, 0
.03703703703703709, 0.0714285714285714, 0.02857142857142858, 0.040000000000000036, 0.033333333333333326, 0.040000000000000036,
 0.050000000000000044, 0.052631578947368474, 0.06666666666666665, 0.033333333333333326, 0.050000000000000044, 0.04545454545454
5414, 0.033333333333333326, 0.033333333333333326, 0.033333333333333326, 0.050000000000000044, 0.040000000000000036, 0.04347826
086956519, 0.045454545454545414, 0.03703703703703709, 0.0714285714285714, 0.040000000000000036, 0.06666666666666665, 0.0333333
33333333326, 0.040000000000000036, 0.002564102564102555, 0.0012853470437017567, 0.0031746031746031633, 0.0026525198938992522,
0.004098360655737654, 0.0012499999999999734, 0.002004008016032066, 0.0027247956403270157, 0.0023419203747072626, 0.06666666666
666665, 0.0012499999999999734, 0.0030487804878048808, 0.050000000000000044, 0.0011862396204033177, 0.033333333333333326, 0.043
47826086956519, 0.0009551098376313627, 0.0009532888465204614, 0.0020746887966804906, 0.050000000000000044, 0.00403225806451612
55, 0.0012499999999999734, 0.006711409395973145, 0.0014556040756914523, 0.033333333333333326, 0.023809523809523836, 0.04000000
0000000036, 0.032258064516129004, 0.033333333333333326, 0.033333333333333326, 0.045454545454545414, 0.06666666666666665, 0.052
631578947368474, 0.06666666666666665, 0.050000000000000044, 0.033333333333333326, 0.033333333333333326, 0.040000000000000036,
0.04347826086956519, 0.03703703703703709, 0.0714285714285714, 0.040000000000000036, 0.045454545454545414, 0.033333333333333326
, 0.050000000000000044, 0.02857142857142858, 0.033333333333333326, 0.052631578947368474, 0.032258064516129004, 0.0666666666666
6665, 0.03125, 0.018867924528301883, 0.045454545454545414, 0.02941176470588236, 0.050000000000000044, 0.040000000000000036, 0.
04347826086956519, 0.045454545454545414, 0.008695652173912993, 0.03703703703703709, 0.0714285714285714, 0.040000000000000036,
0.06666666666666665, 0.040000000000000036, 0.002564102564102555, 0.0012853470437017567, 0.0028328611898017497, 0.0058823529411
7645, 0.0031746031746031633, 0.0015748031496063408, 0.0030864197530864335, 0.006711409395973145, 0.005235602094240788, 0.03225
8064516129004, 0.0008169934640522847, 0.033333333333333326, 0.0026525198938992522, 0.0019493177387914784, 0.002652519893899252
2, 0.004098360655737654, 0.0012499999999999734, 0.045454545454545414, 0.002004008016032066, 0.0027247956403270157, 0.002341920
3747072626, 0.06666666666666665, 0.0012499999999999734, 0.00588235294117645, 0.0030487804878048808, 0.0031347962382445305, 0.0
50000000000000044, 0.0011862396204033177, 0.033333333333333326, 0.033333333333333326, 0.04347826086956519, 0.00352112676056337
56, 0.0060240963855421326, 0.0009551098376313627, 0.0033670033670033517, 0.0009532888465204614, 0.0020746887966804906, 0.00598
8023952095856, 0.004566210045662156, 0.0012953367875647714, 0.002617801047120394, 0.033333333333333326, 0.005494505494505475,
0.0019607843137254832, 0.050000000000000044, 0.0040322580645161255, 0.0031347962382445305, 0.0012499999999999734, 0.0285714285
7142858, 0.0014556040756914523, 0.005988023952095856, 0.033333333333333326, 0.03125, 0.023809523809523836, 0.04000000000000003
6, 0.032258064516129004, 0.033333333333333326, 0.033333333333333326, 0.010869565217391353, 0.045454545454545414, 0.01351351351
3513487, 0.06666666666666665, 0.052631578947368474, 0.06666666666666665, 0.050000000000000044, 0.018867924528301883, 0.0333333
33333333326, 0.040000000000000036, 0.04347826086956519, 0.03703703703703709, 0.0714285714285714, 0.040000000000000036, 0.04545
4545454545414, 0.02941176470588236, 0.050000000000000044, 0.02857142857142858, 0.040000000000000036, 0.032258064516129004, 0.0
33333333333333326, 0.045454545454545414, 0.06666666666666665, 0.052631578947368474, 0.06666666666666665, 0.050000000000000044,
 0.033333333333333326, 0.033333333333333326, 0.040000000000000036, 0.04347826086956519, 0.03703703703703709, 0.071428571428571
4, 0.040000000000000036, 0.045454545454545414, 0.033333333333333326, 0.050000000000000044, 0.02857142857142858, 0.033333333333
333326, 0.03125, 0.023809523809523836, 0.040000000000000036, 0.032258064516129004, 0.033333333333333326, 0.033333333333333326,
 0.010869565217391353, 0.045454545454545414, 0.013513513513513487, 0.06666666666666665, 0.052631578947368474, 0.06666666666666
665, 0.050000000000000044, 0.018867924528301883, 0.033333333333333326, 0.040000000000000036, 0.04347826086956519, 0.0370370370
3703709, 0.0714285714285714, 0.040000000000000036, 0.045454545454545414, 0.02941176470588236, 0.050000000000000044, 0.02857142
857142858, 0.0030487804878048808, 0.050000000000000044, 0.050000000000000044, 0.045454545454545414, 0.04347826086956519, 0.028
57142857142858, 0.050000000000000044, 0.00588235294117645, 0.005988023952095856, 0.004566210045662156, 0.002617801047120394, 0
.033333333333333326, 0.0028328611898017497, 0.0015748031496063408, 0.005494505494505475, 0.002004008016032066, 0.0058823529411
7645, 0.0060240963855421326, 0.005988023952095856, 0.0030864197530864335, 0.033333333333333326, 0.00588235294117645, 0.0059880
23952095856, 0.004566210045662156, 0.002617801047120394, 0.0028328611898017497, 0.0015748031496063408, 0.005494505494505475, 0
.002004008016032066, 0.00588235294117645, 0.0060240963855421326, 0.005988023952095856, 0.0030864197530864335, 0.00588235294117
645, 0.005988023952095856, 0.004566210045662156, 0.002617801047120394, 0.0028328611898017497, 0.0015748031496063408, 0.0054945
05494505475, 0.002004008016032066, 0.00588235294117645, 0.0060240963855421326, 0.005988023952095856, 0.0030864197530864335, 0.
00588235294117645, 0.0012853470437017567, 0.005988023952095856, 0.004566210045662156, 0.002617801047120394, 0.0028328611898017
497, 0.0015748031496063408, 0.005494505494505475, 0.002004008016032066, 0.00588235294117645, 0.0060240963855421326, 0.00598802
3952095856, 0.0030864197530864335, 0.00588235294117645, 0.005988023952095856, 0.004566210045662156, 0.002617801047120394, 0.00
28328611898017497, 0.0015748031496063408, 0.005494505494505475, 0.002004008016032066, 0.00588235294117645, 0.00602409638554213
26, 0.005988023952095856, 0.0030864197530864335, 0.00588235294117645, 0.005988023952095856, 0.004566210045662156, 0.0026178010
47120394, 0.0028328611898017497, 0.0015748031496063408, 0.005494505494505475, 0.002004008016032066, 0.00588235294117645, 0.006
0240963855421326, 0.005988023952095856, 0.0030864197530864335, 0.00588235294117645, 0.005988023952095856, 0.004566210045662156
, 0.002617801047120394, 0.033333333333333326, 0.0028328611898017497, 0.0015748031496063408, 0.005494505494505475, 0.0020040080
16032066, 0.00588235294117645, 0.0060240963855421326, 0.005988023952095856, 0.0030864197530864335, 0.033333333333333326, 0.005
88235294117645, 0.0012853470437017567, 0.005988023952095856, 0.004566210045662156, 0.002617801047120394, 0.0028328611898017497
, 0.0015748031496063408, 0.005494505494505475, 0.002004008016032066, 0.00588235294117645, 0.0060240963855421326, 0.00598802395
2095856, 0.0030864197530864335, 0.00588235294117645, 0.0012853470437017567, 0.005988023952095856, 0.004566210045662156, 0.0026
17801047120394, 0.0028328611898017497, 0.0015748031496063408, 0.005494505494505475, 0.002004008016032066, 0.00588235294117645,
 0.0060240963855421326, 0.005988023952095856, 0.0030864197530864335, 0.00588235294117645, 0.005988023952095856, 0.004566210045
662156, 0.002617801047120394, 0.0028328611898017497, 0.0015748031496063408, 0.005494505494505475, 0.002004008016032066, 0.0058
8235294117645, 0.0060240963855421326, 0.005988023952095856, 0.0030864197530864335, 0.00588235294117645, 0.0012853470437017567,
 0.005988023952095856, 0.004566210045662156, 0.002617801047120394, 0.0028328611898017497, 0.0015748031496063408, 0.00549450549
4505475, 0.002004008016032066, 0.00588235294117645, 0.0060240963855421326, 0.005988023952095856, 0.0030864197530864335, 0.0058
8235294117645, 0.005988023952095856, 0.004566210045662156, 0.002617801047120394, 0.0028328611898017497, 0.0015748031496063408,
 0.005494505494505475, 0.002004008016032066, 0.00588235294117645, 0.0060240963855421326, 0.005988023952095856, 0.0030864197530
864335, 0.01388888888888884, 0.03125, 0.003875968992248069, 0.023809523809523836, 0.008264462809917328, 0.0045045045045044585,
 0.040000000000000036, 0.01098901098901095, 0.01666666666666672, 0.012987012987012991, 0.032258064516129004, 0.014925373134328
401, 0.019607843137254943, 0.010869565217391353, 0.045454545454545414, 0.008695652173912993, 0.014285714285714235, 0.066666666
66666665, 0.052631578947368474, 0.009433962264150941, 0.06666666666666665, 0.050000000000000044, 0.018867924528301883, 0.01149
4252873563204, 0.022222222222222254, 0.040000000000000036, 0.012658227848101222, 0.04347826086956519, 0.01041666666666663, 0.0
03875968992248069, 0.03703703703703709, 0.0714285714285714, 0.021276595744680882, 0.012658227848101222, 0.040000000000000036,
0.012987012987012991, 0.019607843137254943, 0.006711409395973145, 0.014285714285714235, 0.045454545454545414, 0.02941176470588
236, 0.0040322580645161255, 0.012987012987012991, 0.012820512820512775, 0.0037735849056603765, 0.014285714285714235, 0.0285714
2857142858, 0.004149377593360981, 0.008196721311475419, 0.012345679012345734, 0.004255319148936176, 0.012048192771084376, 0.01
0000000000000009, 0.03125, 0.003597122302158251, 0.004347826086956497, 0.01098901098901095, 0.012987012987012991, 0.0454545454
54545414, 0.014285714285714235, 0.013698630136986356, 0.009433962264150941, 0.004201680672268893, 0.06666666666666665, 0.01111
1111111111072, 0.006329113924050667, 0.040000000000000036, 0.012658227848101222, 0.03703703703703709, 0.0714285714285714, 0.01
2658227848101222, 0.045454545454545414, 0.007874015748031482, 0.02941176470588236, 0.012987012987012991, 0.0030487804878048808
, 0.0024999999999999467, 0.007462686567164201, 0.011111111111111072, 0.007633587786259555, 0.012345679012345734, 0.01204819277
1084376, 0.010000000000000009, 0.03125, 0.023809523809523836, 0.00588235294117645, 0.003597122302158251, 0.0015748031496063408
, 0.004166666666666652, 0.004347826086956497, 0.01098901098901095, 0.032258064516129004, 0.019607843137254943, 0.0046511627906
976605, 0.004098360655737654, 0.045454545454545414, 0.004524886877828038, 0.014285714285714235, 0.013698630136986356, 0.066666
66666666665, 0.003875968992248069, 0.052631578947368474, 0.010752688172043001, 0.009433962264150941, 0.004201680672268893, 0.0
6666666666666665, 0.050000000000000044, 0.011111111111111072, 0.040000000000000036, 0.006329113924050667, 0.04347826086956519,
 0.006451612903225823, 0.0028985507246376274, 0.0071428571428571175, 0.0714285714285714, 0.003236245954692518, 0.0370370370370
3709, 0.040000000000000036, 0.045454545454545414, 0.007874015748031482, 0.02941176470588236, 0.004484304932735439, 0.004032258
0645161255, 0.011111111111111072, 0.0030487804878048808, 0.0024999999999999467, 0.005952380952380931, 0.014285714285714235, 0.
007633587786259555, 0.004149377593360981, 0.012048192771084376, 0.03125, 0.008264462809917328, 0.040000000000000036, 0.0109890
1098901095, 0.01666666666666672, 0.012987012987012991, 0.032258064516129004, 0.019607843137254943, 0.010869565217391353, 0.045
454545454545414, 0.008695652173912993, 0.014285714285714235, 0.06666666666666665, 0.052631578947368474, 0.009433962264150941,
0.06666666666666665, 0.050000000000000044, 0.018867924528301883, 0.011494252873563204, 0.022222222222222254, 0.040000000000000
036, 0.012658227848101222, 0.04347826086956519, 0.003875968992248069, 0.03703703703703709, 0.0714285714285714, 0.0212765957446
80882, 0.012658227848101222, 0.040000000000000036, 0.006711409395973145, 0.014285714285714235, 0.045454545454545414, 0.0294117
6470588236, 0.012987012987012991, 0.0037735849056603765, 0.014285714285714235, 0.02857142857142858, 0.004149377593360981, 0.00
8196721311475419, 0.012345679012345734, 0.004255319148936176, 0.040000000000000036, 0.032258064516129004, 0.03125, 0.071428571
4285714, 0.03125, 0.01098901098901095, 0.012987012987012991, 0.010869565217391353, 0.045454545454545414, 0.008695652173912993,
 0.014285714285714235, 0.06666666666666665, 0.06666666666666665, 0.011494252873563204, 0.040000000000000036, 0.003875968992248
069, 0.0714285714285714, 0.006711409395973145, 0.014285714285714235, 0.02941176470588236, 0.012987012987012991, 0.003773584905
6603765, 0.014285714285714235, 0.004149377593360981, 0.012048192771084376, 0.06666666666666665, 0.03125, 0.014285714285714235,
 0.02941176470588236, 0.0714285714285714, 0.032258064516129004, 0.06666666666666665, 0.03125, 0.045454545454545414, 0.04000000
0000000036, 0.03703703703703709, 0.0714285714285714, 0.06666666666666665, 0.052631578947368474, 0.052631578947368474, 0.032258
064516129004, 0.06666666666666665, 0.03125, 0.045454545454545414, 0.02941176470588236, 0.045454545454545414, 0.040000000000000
036, 0.04347826086956519, 0.03703703703703709, 0.0714285714285714, 0.040000000000000036, 0.06666666666666665, 0.04000000000000
0036, 0.052631578947368474, 0.032258064516129004, 0.06666666666666665, 0.03125, 0.050000000000000044, 0.045454545454545414, 0.
02941176470588236, 0.045454545454545414, 0.040000000000000036, 0.04347826086956519, 0.03703703703703709, 0.0714285714285714, 0
.040000000000000036, 0.06666666666666665, 0.040000000000000036, 0.052631578947368474, 0.032258064516129004, 0.0666666666666666
5, 0.03125, 0.045454545454545414, 0.02941176470588236, 0.045454545454545414, 0.040000000000000036, 0.04347826086956519, 0.0370
3703703703709, 0.0714285714285714, 0.040000000000000036, 0.06666666666666665, 0.040000000000000036, 0.06666666666666665, 0.031
25, 0.040000000000000036, 0.03703703703703709, 0.0714285714285714, 0.052631578947368474, 0.06666666666666665, 0.03125, 0.02941
176470588236, 0.040000000000000036, 0.0714285714285714, 0.052631578947368474, 0.032258064516129004, 0.06666666666666665, 0.031
25, 0.050000000000000044, 0.045454545454545414, 0.02941176470588236, 0.045454545454545414, 0.040000000000000036, 0.04347826086
956519, 0.03703703703703709, 0.0714285714285714, 0.040000000000000036, 0.06666666666666665, 0.040000000000000036, 0.0322580645
16129004, 0.06666666666666665, 0.03125, 0.045454545454545414, 0.02941176470588236, 0.045454545454545414, 0.040000000000000036,
 0.03703703703703709, 0.0714285714285714, 0.06666666666666665, 0.052631578947368474, 0.03125, 0.0714285714285714, 0.0526315789
47368474, 0.06666666666666665, 0.03125, 0.045454545454545414, 0.02941176470588236, 0.045454545454545414, 0.040000000000000036,
 0.03703703703703709, 0.0714285714285714, 0.06666666666666665, 0.040000000000000036, 0.03125, 0.02941176470588236, 0.040000000
000000036, 0.0714285714285714, 0.06666666666666665, 0.052631578947368474, 0.0714285714285714, 0.032258064516129004, 0.06666666
666666665, 0.03125, 0.050000000000000044, 0.023809523809523836, 0.045454545454545414, 0.02941176470588236, 0.04545454545454541
4, 0.040000000000000036, 0.04347826086956519, 0.03703703703703709, 0.02857142857142858, 0.040000000000000036, 0.06666666666666
665, 0.040000000000000036, 0.03125, 0.02941176470588236, 0.040000000000000036, 0.03703703703703709, 0.0714285714285714, 0.0666
6666666666665, 0.052631578947368474, 0.052631578947368474, 0.032258064516129004, 0.06666666666666665, 0.03125, 0.0500000000000
00044, 0.045454545454545414, 0.02941176470588236, 0.045454545454545414, 0.040000000000000036, 0.04347826086956519, 0.037037037
03703709, 0.0714285714285714, 0.040000000000000036, 0.06666666666666665, 0.040000000000000036, 0.052631578947368474, 0.0322580
64516129004, 0.06666666666666665, 0.03125, 0.050000000000000044, 0.045454545454545414, 0.02941176470588236, 0.0454545454545454
14, 0.040000000000000036, 0.04347826086956519, 0.03703703703703709, 0.0714285714285714, 0.06666666666666665, 0.040000000000000
036, 0.052631578947368474, 0.0714285714285714, 0.032258064516129004, 0.06666666666666665, 0.03125, 0.050000000000000044, 0.023
809523809523836, 0.045454545454545414, 0.02941176470588236, 0.045454545454545414, 0.040000000000000036, 0.04347826086956519, 0
.03703703703703709, 0.02857142857142858, 0.040000000000000036, 0.06666666666666665, 0.040000000000000036, 0.06666666666666665,
 0.03125, 0.014285714285714235, 0.02941176470588236, 0.0714285714285714, 0.06666666666666665, 0.03125, 0.050000000000000044, 0
.02941176470588236, 0.0714285714285714, 0.06666666666666665, 0.052631578947368474, 0.040000000000000036, 0.03125, 0.0370370370
3703709, 0.0714285714285714, 0.040000000000000036, 0.03125, 0.03703703703703709, 0.0714285714285714, 0.010000000000000009, 0.0
6666666666666665, 0.03125, 0.045454545454545414, 0.02941176470588236, 0.045454545454545414, 0.011111111111111072, 0.0714285714
285714, 0.06666666666666665, 0.052631578947368474, 0.02941176470588236, 0.03125, 0.014285714285714235, 0.0714285714285714, 0.0
52631578947368474, 0.032258064516129004, 0.06666666666666665, 0.03125, 0.045454545454545414, 0.02941176470588236, 0.0400000000
00000036, 0.03703703703703709, 0.0714285714285714, 0.06666666666666665, 0.040000000000000036, 0.06666666666666665, 0.03125, 0.
014285714285714235, 0.02941176470588236, 0.0714285714285714, 0.010000000000000009, 0.03125, 0.003597122302158251, 0.0129870129
87012991, 0.032258064516129004, 0.045454545454545414, 0.014285714285714235, 0.013698630136986356, 0.06666666666666665, 0.05263
1578947368474, 0.009433962264150941, 0.06666666666666665, 0.050000000000000044, 0.011111111111111072, 0.012658227848101222, 0.
04347826086956519, 0.03703703703703709, 0.0714285714285714, 0.012658227848101222, 0.040000000000000036, 0.045454545454545414,
0.007874015748031482, 0.02941176470588236, 0.012987012987012991, 0.0030487804878048808, 0.011111111111111072, 0.00763358778625
9555, 0.012345679012345734, 0.012048192771084376, 0.032258064516129004, 0.06666666666666665, 0.03125, 0.045454545454545414, 0.
02941176470588236, 0.040000000000000036, 0.03703703703703709, 0.0714285714285714, 0.06666666666666665, 0.052631578947368474, 0
.06666666666666665, 0.03125, 0.045454545454545414, 0.02941176470588236, 0.040000000000000036, 0.03703703703703709, 0.071428571
4285714, 0.06666666666666665, 0.052631578947368474, 0.052631578947368474, 0.0714285714285714, 0.032258064516129004, 0.06666666
666666665, 0.03125, 0.050000000000000044, 0.023809523809523836, 0.045454545454545414, 0.02941176470588236, 0.04545454545454541
4, 0.040000000000000036, 0.04347826086956519, 0.03703703703703709, 0.02857142857142858, 0.040000000000000036, 0.06666666666666
665, 0.040000000000000036, 0.052631578947368474, 0.0714285714285714, 0.032258064516129004, 0.06666666666666665, 0.03125, 0.050
000000000000044, 0.045454545454545414, 0.02941176470588236, 0.045454545454545414, 0.040000000000000036, 0.04347826086956519, 0
.03703703703703709, 0.02857142857142858, 0.040000000000000036, 0.06666666666666665, 0.040000000000000036, 0.06666666666666665,
 0.03125, 0.045454545454545414, 0.02941176470588236, 0.045454545454545414, 0.040000000000000036, 0.03703703703703709, 0.071428
5714285714, 0.06666666666666665, 0.052631578947368474, 0.032258064516129004, 0.06666666666666665, 0.03125, 0.02941176470588236
, 0.040000000000000036, 0.0714285714285714, 0.06666666666666665, 0.03125, 0.050000000000000044, 0.045454545454545414, 0.029411
76470588236, 0.045454545454545414, 0.040000000000000036, 0.03703703703703709, 0.0714285714285714, 0.06666666666666665, 0.05263
1578947368474, 0.052631578947368474, 0.032258064516129004, 0.06666666666666665, 0.03125, 0.050000000000000044, 0.0454545454545
45414, 0.02941176470588236, 0.045454545454545414, 0.040000000000000036, 0.04347826086956519, 0.03703703703703709, 0.0714285714
285714, 0.040000000000000036, 0.06666666666666665, 0.040000000000000036, 0.052631578947368474, 0.032258064516129004, 0.0666666
6666666665, 0.03125, 0.050000000000000044, 0.045454545454545414, 0.02941176470588236, 0.045454545454545414, 0.0400000000000000
36, 0.04347826086956519, 0.03703703703703709, 0.0714285714285714, 0.040000000000000036, 0.06666666666666665, 0.040000000000000
036, 0.06666666666666665, 0.03125, 0.045454545454545414, 0.02941176470588236, 0.040000000000000036, 0.03703703703703709, 0.071
4285714285714, 0.06666666666666665, 0.052631578947368474, 0.03125, 0.0046511627906976605, 0.02941176470588236, 0.0031545741324
92094, 0.0040322580645161255, 0.06666666666666665, 0.02941176470588236, 0.03125, 0.014285714285714235, 0.052631578947368474, 0
.032258064516129004, 0.06666666666666665, 0.03125, 0.050000000000000044, 0.023809523809523836, 0.045454545454545414, 0.0294117
6470588236, 0.045454545454545414, 0.0040322580645161255, 0.040000000000000036, 0.04347826086956519, 0.03703703703703709, 0.071
4285714285714, 0.022222222222222254, 0.040000000000000036, 0.06666666666666665, 0.040000000000000036, 0.06666666666666665, 0.0
3125, 0.06666666666666665, 0.03125, 0.050000000000000044, 0.045454545454545414, 0.02941176470588236, 0.040000000000000036, 0.0
714285714285714, 0.06666666666666665, 0.052631578947368474, 0.032258064516129004, 0.06666666666666665, 0.03125, 0.029411764705
88236, 0.0714285714285714, 0.06666666666666665, 0.03125, 0.0714285714285714, 0.06666666666666665, 0.03125, 0.01428571428571423
5, 0.02941176470588236, 0.010869565217391353, 0.040000000000000036, 0.0714285714285714, 0.06666666666666665, 0.03125, 0.071428
5714285714, 0.03125, 0.02941176470588236, 0.03125, 0.0026525198938992522, 0.0020746887966804906, 0.004255319148936176, 0.00436
6812227074246, 0.004366812227074246, 0.004385964912280715, 0.0030487804878048808, 0.0030487804878048808, 0.0030487804878048808
, 0.033333333333333326, 0.018867924528301883, 0.033333333333333326, 0.033333333333333326, 0.033333333333333326, 0.033333333333
333326, 0.014285714285714235, 0.014285714285714235, 0.008196721311475419, 0.033333333333333326, 0.013157894736842146, 0.006535
947712418277, 0.040000000000000036, 0.0035211267605633756, 0.0034965034965035446, 0.0027247956403270157, 0.006756756756756799,
 0.0714285714285714, 0.006849315068493178, 0.052631578947368474, 0.0012853470437017567, 0.052631578947368474, 0.06666666666666
665, 0.050000000000000044, 0.045454545454545414, 0.045454545454545414, 0.040000000000000036, 0.04347826086956519, 0.0370370370
3703709, 0.0714285714285714, 0.06666666666666665, 0.040000000000000036, 0.06666666666666665, 0.045454545454545414, 0.045454545
454545414, 0.040000000000000036, 0.03703703703703709, 0.0714285714285714, 0.052631578947368474, 0.052631578947368474, 0.066666
66666666665, 0.050000000000000044, 0.045454545454545414, 0.045454545454545414, 0.040000000000000036, 0.04347826086956519, 0.03
703703703703709, 0.0714285714285714, 0.06666666666666665, 0.040000000000000036, 0.045454545454545414, 0.033333333333333326, 0.
040000000000000036, 0.03703703703703709, 0.0714285714285714, 0.040000000000000036, 0.0714285714285714, 0.06666666666666665, 0.
045454545454545414, 0.045454545454545414, 0.040000000000000036, 0.03703703703703709, 0.0714285714285714, 0.052631578947368474,
 0.06666666666666665, 0.040000000000000036, 0.03703703703703709, 0.0714285714285714, 0.06666666666666665, 0.052631578947368474
, 0.052631578947368474, 0.032258064516129004, 0.06666666666666665, 0.050000000000000044, 0.045454545454545414, 0.0400000000000
00036, 0.03703703703703709, 0.0714285714285714, 0.040000000000000036, 0.06666666666666665, 0.040000000000000036, 0.06666666666
666665, 0.045454545454545414, 0.045454545454545414, 0.040000000000000036, 0.03703703703703709, 0.0714285714285714, 0.040000000
000000036, 0.052631578947368474, 0.040000000000000036, 0.0714285714285714, 0.040000000000000036, 0.052631578947368474, 0.06666
666666666665, 0.0714285714285714, 0.040000000000000036, 0.03703703703703709, 0.0714285714285714, 0.032258064516129004, 0.06666
666666666665, 0.045454545454545414, 0.02941176470588236, 0.045454545454545414, 0.040000000000000036, 0.04347826086956519, 0.07
14285714285714, 0.06666666666666665, 0.052631578947368474, 0.032258064516129004, 0.06666666666666665, 0.045454545454545414, 0.
040000000000000036, 0.03703703703703709, 0.0714285714285714, 0.06666666666666665, 0.052631578947368474, 0.06666666666666665, 0
.050000000000000044, 0.045454545454545414, 0.040000000000000036, 0.0714285714285714, 0.052631578947368474, 0.04000000000000003
6, 0.045454545454545414, 0.0714285714285714, 0.040000000000000036, 0.0714285714285714, 0.052631578947368474, 0.066666666666666
65, 0.050000000000000044, 0.045454545454545414, 0.045454545454545414, 0.040000000000000036, 0.04347826086956519, 0.03703703703
703709, 0.0714285714285714, 0.06666666666666665, 0.040000000000000036, 0.032258064516129004, 0.06666666666666665, 0.0454545454
54545414, 0.045454545454545414, 0.040000000000000036, 0.03703703703703709, 0.0714285714285714, 0.06666666666666665, 0.05263157
8947368474, 0.06666666666666665, 0.045454545454545414, 0.040000000000000036, 0.0714285714285714, 0.052631578947368474, 0.04000
0000000000036, 0.0714285714285714, 0.052631578947368474, 0.06666666666666665, 0.033333333333333326, 0.045454545454545414, 0.03
3333333333333326, 0.033333333333333326, 0.033333333333333326, 0.040000000000000036, 0.03703703703703709, 0.0714285714285714, 0
.040000000000000036, 0.040000000000000036, 0.040000000000000036, 0.052631578947368474, 0.06666666666666665, 0.0714285714285714
, 0.040000000000000036, 0.06666666666666665, 0.045454545454545414, 0.040000000000000036, 0.0714285714285714, 0.040000000000000
036, 0.052631578947368474, 0.06666666666666665, 0.045454545454545414, 0.045454545454545414, 0.040000000000000036, 0.0714285714
285714, 0.040000000000000036, 0.052631578947368474, 0.06666666666666665, 0.045454545454545414, 0.045454545454545414, 0.0400000
00000000036, 0.03703703703703709, 0.0714285714285714, 0.052631578947368474, 0.040000000000000036, 0.045454545454545414, 0.0370
3703703703709, 0.0714285714285714, 0.06666666666666665, 0.045454545454545414, 0.040000000000000036, 0.0714285714285714, 0.0400
00000000000036, 0.052631578947368474, 0.052631578947368474, 0.032258064516129004, 0.06666666666666665, 0.050000000000000044, 0
.045454545454545414, 0.040000000000000036, 0.03703703703703709, 0.0714285714285714, 0.06666666666666665, 0.040000000000000036,
 0.040000000000000036, 0.0714285714285714, 0.06666666666666665, 0.018867924528301883, 0.045454545454545414, 0.0400000000000000
36, 0.0714285714285714, 0.052631578947368474, 0.06666666666666665, 0.045454545454545414, 0.040000000000000036, 0.0714285714285
714, 0.052631578947368474, 0.032258064516129004, 0.06666666666666665, 0.045454545454545414, 0.02941176470588236, 0.04545454545
4545414, 0.040000000000000036, 0.04347826086956519, 0.0714285714285714, 0.06666666666666665, 0.052631578947368474, 0.066666666
66666665, 0.045454545454545414, 0.040000000000000036, 0.0714285714285714, 0.052631578947368474, 0.040000000000000036, 0.071428
5714285714, 0.052631578947368474, 0.06666666666666665, 0.045454545454545414, 0.045454545454545414, 0.040000000000000036, 0.037
03703703703709, 0.0714285714285714, 0.040000000000000036, 0.06666666666666665, 0.040000000000000036, 0.052631578947368474, 0.0
32258064516129004, 0.06666666666666665, 0.050000000000000044, 0.045454545454545414, 0.02941176470588236, 0.045454545454545414,
 0.040000000000000036, 0.04347826086956519, 0.03703703703703709, 0.0714285714285714, 0.06666666666666665, 0.040000000000000036
, 0.040000000000000036, 0.0714285714285714, 0.06666666666666665, 0.045454545454545414, 0.040000000000000036, 0.037037037037037
09, 0.0714285714285714, 0.052631578947368474, 0.040000000000000036, 0.0714285714285714, 0.040000000000000036, 0.07142857142857
14, 0.06666666666666665, 0.045454545454545414, 0.040000000000000036, 0.0714285714285714, 0.052631578947368474, 0.0666666666666
6665, 0.040000000000000036, 0.0714285714285714, 0.06666666666666665, 0.052631578947368474, 0.040000000000000036, 0.07142857142
85714, 0.06666666666666665, 0.045454545454545414, 0.040000000000000036, 0.03703703703703709, 0.0714285714285714, 0.05263157894
7368474, 0.06666666666666665, 0.045454545454545414, 0.040000000000000036, 0.0714285714285714, 0.06666666666666665, 0.052631578
947368474, 0.040000000000000036, 0.052631578947368474, 0.06666666666666665, 0.0714285714285714, 0.040000000000000036, 0.071428
5714285714, 0.06666666666666665, 0.040000000000000036, 0.03703703703703709, 0.0714285714285714, 0.06666666666666665, 0.0526315
78947368474, 0.052631578947368474, 0.032258064516129004, 0.06666666666666665, 0.050000000000000044, 0.045454545454545414, 0.04
5454545454545414, 0.040000000000000036, 0.04347826086956519, 0.03703703703703709, 0.0714285714285714, 0.040000000000000036, 0.
06666666666666665, 0.040000000000000036, 0.052631578947368474, 0.0714285714285714, 0.032258064516129004, 0.06666666666666665,
0.050000000000000044, 0.045454545454545414, 0.045454545454545414, 0.040000000000000036, 0.04347826086956519, 0.037037037037037
09, 0.02857142857142858, 0.040000000000000036, 0.06666666666666665, 0.040000000000000036, 0.06666666666666665, 0.0500000000000
00044, 0.045454545454545414, 0.045454545454545414, 0.040000000000000036, 0.04347826086956519, 0.03703703703703709, 0.071428571
4285714, 0.052631578947368474, 0.052631578947368474, 0.032258064516129004, 0.06666666666666665, 0.045454545454545414, 0.045454
545454545414, 0.040000000000000036, 0.03703703703703709, 0.0714285714285714, 0.06666666666666665, 0.040000000000000036, 0.0454
54545454545414, 0.040000000000000036, 0.03703703703703709, 0.0714285714285714, 0.052631578947368474, 0.032258064516129004, 0.0
6666666666666665, 0.045454545454545414, 0.045454545454545414, 0.040000000000000036, 0.03703703703703709, 0.0714285714285714, 0
.06666666666666665, 0.052631578947368474, 0.06666666666666665, 0.045454545454545414, 0.045454545454545414, 0.04000000000000003
6, 0.04347826086956519, 0.03703703703703709, 0.0714285714285714, 0.06666666666666665, 0.052631578947368474, 0.0400000000000000
36, 0.045454545454545414, 0.045454545454545414, 0.0714285714285714, 0.052631578947368474, 0.0714285714285714, 0.06666666666666
665, 0.050000000000000044, 0.045454545454545414, 0.045454545454545414, 0.040000000000000036, 0.04347826086956519, 0.0370370370
3703709, 0.02857142857142858, 0.06666666666666665, 0.040000000000000036, 0.052631578947368474, 0.06666666666666665, 0.03333333
3333333326, 0.045454545454545414, 0.033333333333333326, 0.033333333333333326, 0.040000000000000036, 0.03703703703703709, 0.071
4285714285714, 0.040000000000000036, 0.06666666666666665, 0.045454545454545414, 0.040000000000000036, 0.03703703703703709, 0.0
714285714285714, 0.06666666666666665, 0.052631578947368474, 0.040000000000000036, 0.0714285714285714, 0.040000000000000036, 0.
045454545454545414, 0.0714285714285714, 0.052631578947368474, 0.06666666666666665, 0.033333333333333326, 0.045454545454545414,
 0.033333333333333326, 0.033333333333333326, 0.045454545454545414, 0.040000000000000036, 0.03703703703703709, 0.07142857142857
14, 0.040000000000000036, 0.06666666666666665, 0.045454545454545414, 0.045454545454545414, 0.040000000000000036, 0.03703703703
703709, 0.0714285714285714, 0.06666666666666665, 0.040000000000000036, 0.052631578947368474, 0.040000000000000036, 0.071428571
4285714, 0.06666666666666665, 0.050000000000000044, 0.045454545454545414, 0.045454545454545414, 0.040000000000000036, 0.071428
5714285714, 0.052631578947368474, 0.052631578947368474, 0.06666666666666665, 0.033333333333333326, 0.045454545454545414, 0.033
333333333333326, 0.033333333333333326, 0.040000000000000036, 0.03703703703703709, 0.0714285714285714, 0.040000000000000036, 0.
06666666666666665, 0.018867924528301883, 0.040000000000000036, 0.03703703703703709, 0.0714285714285714, 0.013513513513513487,
0.052631578947368474, 0.06666666666666665, 0.045454545454545414, 0.040000000000000036, 0.0714285714285714, 0.04000000000000003
6, 0.052631578947368474, 0.040000000000000036, 0.0714285714285714, 0.06666666666666665, 0.050000000000000044, 0.04545454545454
5414, 0.040000000000000036, 0.03703703703703709, 0.0714285714285714, 0.06666666666666665, 0.052631578947368474, 0.066666666666
66665, 0.045454545454545414, 0.045454545454545414, 0.040000000000000036, 0.03703703703703709, 0.0714285714285714, 0.0526315789
47368474, 0.033333333333333326, 0.045454545454545414, 0.033333333333333326, 0.033333333333333326, 0.033333333333333326, 0.0333
33333333333326, 0.045454545454545414, 0.040000000000000036, 0.0714285714285714, 0.033333333333333326, 0.06666666666666665, 0.0
45454545454545414, 0.045454545454545414, 0.040000000000000036, 0.03703703703703709, 0.0714285714285714, 0.052631578947368474,
0.040000000000000036, 0.06666666666666665, 0.02941176470588236, 0.0714285714285714, 0.040000000000000036, 0.045454545454545414
, 0.045454545454545414, 0.0714285714285714, 0.06666666666666665, 0.045454545454545414, 0.045454545454545414, 0.040000000000000
036, 0.03703703703703709, 0.0714285714285714, 0.06666666666666665, 0.052631578947368474, 0.045454545454545414, 0.0454545454545
45414, 0.040000000000000036, 0.03703703703703709, 0.0714285714285714, 0.052631578947368474, 0.040000000000000036, 0.0666666666
6666665, 0.0714285714285714, 0.040000000000000036, 0.0714285714285714, 0.06666666666666665, 0.045454545454545414, 0.0454545454
54545414, 0.040000000000000036, 0.03703703703703709, 0.0714285714285714, 0.06666666666666665, 0.052631578947368474, 0.04000000
0000000036, 0.0714285714285714, 0.052631578947368474, 0.06666666666666665, 0.050000000000000044, 0.045454545454545414, 0.04545
4545454545414, 0.040000000000000036, 0.03703703703703709, 0.0714285714285714, 0.06666666666666665, 0.040000000000000036, 0.066
66666666666665, 0.045454545454545414, 0.02941176470588236, 0.040000000000000036, 0.03703703703703709, 0.0714285714285714, 0.05
2631578947368474, 0.052631578947368474, 0.033333333333333326, 0.045454545454545414, 0.033333333333333326, 0.033333333333333326
, 0.033333333333333326, 0.040000000000000036, 0.0714285714285714, 0.040000000000000036, 0.040000000000000036, 0.05263157894736
8474, 0.0714285714285714, 0.06666666666666665, 0.050000000000000044, 0.045454545454545414, 0.040000000000000036, 0.03703703703
703709, 0.0714285714285714, 0.06666666666666665, 0.052631578947368474, 0.040000000000000036, 0.06666666666666665, 0.0454545454
54545414, 0.040000000000000036, 0.03703703703703709, 0.0714285714285714, 0.06666666666666665, 0.052631578947368474, 0.05263157
8947368474, 0.06666666666666665, 0.050000000000000044, 0.045454545454545414, 0.045454545454545414, 0.040000000000000036, 0.043
47826086956519, 0.03703703703703709, 0.0714285714285714, 0.06666666666666665, 0.040000000000000036, 0.052631578947368474, 0.06
666666666666665, 0.045454545454545414, 0.045454545454545414, 0.040000000000000036, 0.03703703703703709, 0.0714285714285714, 0.
040000000000000036, 0.06666666666666665, 0.040000000000000036, 0.040000000000000036, 0.0714285714285714, 0.040000000000000036,
 0.06666666666666665, 0.040000000000000036, 0.03703703703703709, 0.0714285714285714, 0.06666666666666665, 0.052631578947368474
, 0.040000000000000036, 0.06666666666666665, 0.045454545454545414, 0.040000000000000036, 0.0714285714285714, 0.052631578947368
474, 0.040000000000000036, 0.052631578947368474, 0.032258064516129004, 0.06666666666666665, 0.045454545454545414, 0.0294117647
0588236, 0.045454545454545414, 0.040000000000000036, 0.03703703703703709, 0.0714285714285714, 0.040000000000000036, 0.04000000
0000000036, 0.0714285714285714, 0.06666666666666665, 0.045454545454545414, 0.045454545454545414, 0.040000000000000036, 0.07142
85714285714, 0.052631578947368474, 0.040000000000000036, 0.0714285714285714, 0.06666666666666665, 0.045454545454545414, 0.0400
00000000000036, 0.03703703703703709, 0.0714285714285714, 0.06666666666666665, 0.052631578947368474, 0.06666666666666665, 0.029
41176470588236, 0.045454545454545414, 0.040000000000000036, 0.0714285714285714, 0.052631578947368474, 0.052631578947368474, 0.
06666666666666665, 0.050000000000000044, 0.045454545454545414, 0.045454545454545414, 0.040000000000000036, 0.04347826086956519
, 0.03703703703703709, 0.0714285714285714, 0.06666666666666665, 0.040000000000000036, 0.06666666666666665, 0.04545454545454541
4, 0.045454545454545414, 0.040000000000000036, 0.03703703703703709, 0.0714285714285714, 0.06666666666666665, 0.052631578947368
474, 0.040000000000000036, 0.0714285714285714, 0.06666666666666665, 0.050000000000000044, 0.045454545454545414, 0.040000000000
000036, 0.0714285714285714, 0.06666666666666665, 0.052631578947368474, 0.052631578947368474, 0.0714285714285714, 0.03225806451
6129004, 0.06666666666666665, 0.050000000000000044, 0.045454545454545414, 0.045454545454545414, 0.040000000000000036, 0.043478
26086956519, 0.03703703703703709, 0.02857142857142858, 0.040000000000000036, 0.06666666666666665, 0.040000000000000036, 0.0400
00000000000036, 0.0714285714285714, 0.040000000000000036, 0.052631578947368474, 0.0714285714285714, 0.06666666666666665, 0.040
000000000000036, 0.0714285714285714, 0.06666666666666665, 0.052631578947368474, 0.040000000000000036, 0.052631578947368474, 0.
06666666666666665, 0.0714285714285714, 0.052631578947368474, 0.06666666666666665, 0.033333333333333326, 0.018867924528301883,
0.033333333333333326, 0.033333333333333326, 0.045454545454545414, 0.045454545454545414, 0.040000000000000036, 0.03703703703703
709, 0.0714285714285714, 0.040000000000000036, 0.06666666666666665, 0.040000000000000036, 0.052631578947368474, 0.071428571428
5714, 0.06666666666666665, 0.033333333333333326, 0.045454545454545414, 0.033333333333333326, 0.045454545454545414, 0.040000000
000000036, 0.04347826086956519, 0.03703703703703709, 0.02857142857142858, 0.040000000000000036, 0.040000000000000036, 0.071428
5714285714, 0.052631578947368474, 0.06666666666666665, 0.033333333333333326, 0.045454545454545414, 0.033333333333333326, 0.033
333333333333326, 0.045454545454545414, 0.040000000000000036, 0.03703703703703709, 0.0714285714285714, 0.040000000000000036, 0.
06666666666666665, 0.045454545454545414, 0.040000000000000036, 0.03703703703703709, 0.0714285714285714, 0.06666666666666665, 0
.052631578947368474, 0.040000000000000036, 0.0714285714285714, 0.052631578947368474, 0.0714285714285714, 0.032258064516129004,
 0.06666666666666665, 0.050000000000000044, 0.023809523809523836, 0.045454545454545414, 0.045454545454545414, 0.04000000000000
0036, 0.04347826086956519, 0.03703703703703709, 0.02857142857142858, 0.040000000000000036, 0.06666666666666665, 0.040000000000
000036, 0.040000000000000036, 0.0714285714285714, 0.040000000000000036, 0.052631578947368474, 0.032258064516129004, 0.06666666
666666665, 0.045454545454545414, 0.045454545454545414, 0.040000000000000036, 0.03703703703703709, 0.0714285714285714, 0.066666
66666666665, 0.040000000000000036, 0.052631578947368474, 0.06666666666666665, 0.018867924528301883, 0.033333333333333326, 0.04
5454545454545414, 0.02941176470588236, 0.045454545454545414, 0.040000000000000036, 0.03703703703703709, 0.0714285714285714, 0.
040000000000000036, 0.06666666666666665, 0.040000000000000036, 0.040000000000000036, 0.0714285714285714, 0.052631578947368474,
 0.032258064516129004, 0.06666666666666665, 0.045454545454545414, 0.045454545454545414, 0.040000000000000036, 0.04347826086956
519, 0.03703703703703709, 0.0714285714285714, 0.040000000000000036, 0.06666666666666665, 0.040000000000000036, 0.0400000000000
00036, 0.0714285714285714, 0.052631578947368474, 0.0714285714285714, 0.032258064516129004, 0.06666666666666665, 0.050000000000
000044, 0.023809523809523836, 0.045454545454545414, 0.02941176470588236, 0.045454545454545414, 0.040000000000000036, 0.0434782
6086956519, 0.03703703703703709, 0.02857142857142858, 0.040000000000000036, 0.06666666666666665, 0.040000000000000036, 0.06666
666666666665, 0.045454545454545414, 0.040000000000000036, 0.0714285714285714, 0.052631578947368474, 0.045454545454545414, 0.04
5454545454545414, 0.040000000000000036, 0.03703703703703709, 0.0714285714285714, 0.052631578947368474, 0.040000000000000036, 0
.052631578947368474, 0.06666666666666665, 0.0714285714285714, 0.052631578947368474, 0.0714285714285714, 0.032258064516129004,
0.06666666666666665, 0.050000000000000044, 0.023809523809523836, 0.045454545454545414, 0.045454545454545414, 0.040000000000000
036, 0.04347826086956519, 0.03703703703703709, 0.02857142857142858, 0.040000000000000036, 0.06666666666666665, 0.0400000000000
00036, 0.052631578947368474, 0.032258064516129004, 0.06666666666666665, 0.045454545454545414, 0.045454545454545414, 0.04000000
0000000036, 0.04347826086956519, 0.03703703703703709, 0.0714285714285714, 0.06666666666666665, 0.040000000000000036, 0.0400000
00000000036, 0.0714285714285714, 0.052631578947368474, 0.032258064516129004, 0.06666666666666665, 0.023809523809523836, 0.0454
54545454545414, 0.045454545454545414, 0.040000000000000036, 0.03703703703703709, 0.0714285714285714, 0.06666666666666665, 0.04
0000000000000036, 0.052631578947368474, 0.032258064516129004, 0.06666666666666665, 0.050000000000000044, 0.045454545454545414,
 0.045454545454545414, 0.040000000000000036, 0.04347826086956519, 0.03703703703703709, 0.0714285714285714, 0.04000000000000003
6, 0.06666666666666665, 0.040000000000000036, 0.06666666666666665, 0.045454545454545414, 0.045454545454545414, 0.0400000000000
00036, 0.04347826086956519, 0.03703703703703709, 0.0714285714285714, 0.052631578947368474, 0.040000000000000036, 0.05263157894
7368474, 0.06666666666666665, 0.0714285714285714, 0.033333333333333326, 0.045454545454545414, 0.033333333333333326, 0.03333333
3333333326, 0.033333333333333326, 0.033333333333333326, 0.045454545454545414, 0.040000000000000036, 0.0714285714285714, 0.0333
33333333333326, 0.040000000000000036, 0.040000000000000036, 0.045454545454545414, 0.0714285714285714, 0.040000000000000036, 0.
052631578947368474, 0.06666666666666665, 0.0714285714285714, 0.040000000000000036, 0.052631578947368474, 0.0714285714285714, 0
.032258064516129004, 0.06666666666666665, 0.050000000000000044, 0.045454545454545414, 0.045454545454545414, 0.0400000000000000
36, 0.04347826086956519, 0.03703703703703709, 0.02857142857142858, 0.040000000000000036, 0.06666666666666665, 0.04000000000000
0036, 0.040000000000000036, 0.045454545454545414, 0.0714285714285714, 0.040000000000000036, 0.0714285714285714, 0.066666666666
66665, 0.045454545454545414, 0.045454545454545414, 0.040000000000000036, 0.03703703703703709, 0.0714285714285714, 0.0526315789
47368474, 0.040000000000000036, 0.045454545454545414, 0.045454545454545414, 0.0714285714285714, 0.040000000000000036, 0.052631
578947368474, 0.06666666666666665, 0.0714285714285714, 0.040000000000000036, 0.040000000000000036, 0.0714285714285714, 0.04000
0000000000036, 0.0714285714285714, 0.032258064516129004, 0.06666666666666665, 0.045454545454545414, 0.045454545454545414, 0.04
0000000000000036, 0.04347826086956519, 0.03703703703703709, 0.0714285714285714, 0.06666666666666665, 0.052631578947368474, 0.0
32258064516129004, 0.06666666666666665, 0.045454545454545414, 0.040000000000000036, 0.0714285714285714, 0.06666666666666665, 0
.052631578947368474, 0.052631578947368474, 0.032258064516129004, 0.06666666666666665, 0.045454545454545414, 0.0454545454545454
14, 0.040000000000000036, 0.04347826086956519, 0.03703703703703709, 0.0714285714285714, 0.06666666666666665, 0.040000000000000
036, 0.06666666666666665, 0.045454545454545414, 0.045454545454545414, 0.040000000000000036, 0.03703703703703709, 0.07142857142
85714, 0.06666666666666665, 0.040000000000000036, 0.052631578947368474, 0.052631578947368474, 0.0714285714285714, 0.0322580645
16129004, 0.06666666666666665, 0.050000000000000044, 0.023809523809523836, 0.045454545454545414, 0.02941176470588236, 0.045454
545454545414, 0.040000000000000036, 0.04347826086956519, 0.03703703703703709, 0.02857142857142858, 0.040000000000000036, 0.066
66666666666665, 0.040000000000000036, 0.040000000000000036, 0.0714285714285714, 0.040000000000000036, 0.06666666666666665, 0.0
32258064516129004, 0.0714285714285714, 0.040000000000000036, 0.0714285714285714, 0.032258064516129004, 0.06666666666666665, 0.
045454545454545414, 0.02941176470588236, 0.040000000000000036, 0.03703703703703709, 0.0714285714285714, 0.06666666666666665, 0
.052631578947368474, 0.06666666666666665, 0.045454545454545414, 0.040000000000000036, 0.0714285714285714, 0.06666666666666665,
 0.052631578947368474, 0.052631578947368474, 0.032258064516129004, 0.06666666666666665, 0.045454545454545414, 0.02941176470588
236, 0.045454545454545414, 0.040000000000000036, 0.04347826086956519, 0.03703703703703709, 0.0714285714285714, 0.0400000000000
00036, 0.06666666666666665, 0.040000000000000036, 0.06666666666666665, 0.02941176470588236, 0.040000000000000036, 0.0714285714
285714, 0.06666666666666665, 0.052631578947368474, 0.06666666666666665, 0.045454545454545414, 0.045454545454545414, 0.04000000
0000000036, 0.03703703703703709, 0.0714285714285714, 0.052631578947368474, 0.040000000000000036, 0.033333333333333326, 0.03333
3333333333326, 0.033333333333333326, 0.040000000000000036, 0.0714285714285714, 0.0092592592592593, 0.0012499999999999734, 0.00
12499999999999734, 0.0012499999999999734, 0.0012499999999999734, 0.014285714285714235, 0.0012499999999999734, 0.00124999999999
99734, 0.033333333333333326, 0.033333333333333326, 0.033333333333333326, 0.033333333333333326, 0.033333333333333326, 0.0333333
33333333326, 0.033333333333333326, 0.045454545454545414, 0.033333333333333326, 0.033333333333333326, 0.033333333333333326, 0.0
33333333333333326, 0.03703703703703709, 0.0714285714285714, 0.033333333333333326, 0.040000000000000036, 0.033333333333333326,
0.033333333333333326, 0.033333333333333326, 0.033333333333333326, 0.033333333333333326, 0.033333333333333326, 0.03333333333333
3326, 0.033333333333333326, 0.033333333333333326, 0.033333333333333326, 0.033333333333333326, 0.033333333333333326, 0.03333333
3333333326, 0.033333333333333326, 0.033333333333333326, 0.033333333333333326, 0.033333333333333326, 0.033333333333333326, 0.03
3333333333333326, 0.033333333333333326, 0.0714285714285714, 0.033333333333333326, 0.033333333333333326, 0.033333333333333326,
0.033333333333333326, 0.033333333333333326, 0.033333333333333326, 0.06666666666666665, 0.033333333333333326, 0.050000000000000
044, 0.033333333333333326, 0.045454545454545414, 0.03703703703703709, 0.0714285714285714, 0.06666666666666665, 0.0333333333333
33326, 0.033333333333333326, 0.033333333333333326, 0.033333333333333326, 0.033333333333333326, 0.033333333333333326, 0.0333333
33333333326, 0.033333333333333326, 0.033333333333333326, 0.033333333333333326, 0.033333333333333326, 0.0714285714285714, 0.033
333333333333326, 0.033333333333333326, 0.033333333333333326, 0.033333333333333326, 0.033333333333333326, 0.033333333333333326,
 0.045454545454545414, 0.033333333333333326, 0.033333333333333326, 0.045454545454545414, 0.03703703703703709, 0.03333333333333
3326, 0.040000000000000036, 0.014285714285714235, 0.0714285714285714, 0.0714285714285714, 0.0714285714285714, 0.04545454545454
5414, 0.045454545454545414, 0.04347826086956519, 0.03703703703703709, 0.0714285714285714, 0.040000000000000036, 0.066666666666
66665, 0.0714285714285714, 0.0714285714285714, 0.0714285714285714, 0.052631578947368474, 0.06666666666666665, 0.06666666666666
665, 0.0714285714285714, 0.0714285714285714, 0.03703703703703709, 0.0714285714285714, 0.0714285714285714, 0.0714285714285714,
0.0714285714285714, 0.045454545454545414, 0.0714285714285714, 0.0714285714285714, 0.0714285714285714, 0.0714285714285714, 0.07
14285714285714, 0.0714285714285714, 0.0714285714285714, 0.0714285714285714, 0.045454545454545414, 0.0714285714285714, 0.071428
5714285714, 0.0714285714285714, 0.0714285714285714, 0.0714285714285714, 0.033333333333333326, 0.0714285714285714, 0.0714285714
285714, 0.0714285714285714, 0.0714285714285714, 0.0714285714285714, 0.03703703703703709, 0.0714285714285714, 0.071428571428571
4, 0.045454545454545414, 0.03703703703703709, 0.0714285714285714, 0.0714285714285714, 0.04347826086956519, 0.04545454545454541
4, 0.040000000000000036, 0.0714285714285714, 0.0714285714285714, 0.0714285714285714, 0.0714285714285714, 0.0714285714285714, 0
.0714285714285714, 0.045454545454545414, 0.050000000000000044, 0.0714285714285714, 0.0714285714285714, 0.0714285714285714, 0.0
6666666666666665, 0.045454545454545414, 0.03703703703703709, 0.0714285714285714, 0.052631578947368474, 0.04347826086956519, 0.
045454545454545414, 0.040000000000000036, 0.0714285714285714, 0.0092592592592593, 0.0714285714285714, 0.0714285714285714, 0.07
14285714285714, 0.0714285714285714, 0.033333333333333326, 0.0714285714285714, 0.0714285714285714, 0.0714285714285714, 0.071428
5714285714, 0.0714285714285714, 0.052631578947368474, 0.06666666666666665, 0.0714285714285714, 0.052631578947368474, 0.0666666
6666666665, 0.0714285714285714, 0.033333333333333326, 0.045454545454545414, 0.033333333333333326, 0.045454545454545414, 0.0370
3703703703709, 0.040000000000000036, 0.0028328611898017497, 0.002617801047120394, 0.0031347962382445305, 0.002617801047120394,
 0.0015748031496063408, 0.0015748031496063408, 0.0015748031496063408, 0.0015748031496063408, 0.040000000000000036, 0.045454545
454545414, 0.040000000000000036, 0.045454545454545414, 0.045454545454545414, 0.040000000000000036, 0.040000000000000036, 0.045
454545454545414]