0.0022831050228310223
0.018867924528301883
0.06666666666666665
0.050000000000000044
0.040000000000000036
0.045454545454545414
0.040000000000000036
0.03703703703703709
0.04347826086956519
0.040000000000000036
0.052631578947368474
0.032258064516129004
0.06666666666666665
0.045454545454545414
0.02941176470588236
0.0714285714285714
0.045454545454545414
0.0030487804878048808
0.050000000000000044
0.050000000000000044
0.06666666666666665
0.040000000000000036
0.033333333333333326
0.033333333333333326
0.033333333333333326
0.050000000000000044
0.033333333333333326
0.033333333333333326
0.045454545454545414
0.045454545454545414
0.02857142857142858
0.03703703703703709
0.052631578947368474
0.0714285714285714
0.033333333333333326
0.040000000000000036
0.04347826086956519
0.040000000000000036
0.06666666666666665
0.032258064516129004
0.013513513513513487
0.018867924528301883
0.06666666666666665
0.040000000000000036
0.033333333333333326
0.050000000000000044
0.033333333333333326
0.023809523809523836
0.033333333333333326
0.045454545454545414
0.045454545454545414
0.02857142857142858
0.010869565217391353
0.050000000000000044
0.03703703703703709
0.052631578947368474
0.02941176470588236
0.0714285714285714
0.040000000000000036
0.04347826086956519
0.040000000000000036
0.03125
0.032258064516129004
0.06666666666666665
0.033333333333333326
0.033333333333333326
0.050000000000000044
0.045454545454545414
0.045454545454545414
0.0714285714285714
0.06666666666666665
0.050000000000000044
0.040000000000000036
0.045454545454545414
0.040000000000000036
0.03703703703703709
0.040000000000000036
0.052631578947368474
0.032258064516129004
0.06666666666666665
0.045454545454545414
0.0714285714285714
0.013513513513513487
0.06666666666666665
0.040000000000000036
0.033333333333333326
0.033333333333333326
0.008695652173912993
0.033333333333333326
0.050000000000000044
0.033333333333333326
0.004566210045662156
0.033333333333333326
0.045454545454545414
0.045454545454545414
0.010869565217391353
0.03703703703703709
0.052631578947368474
0.02941176470588236
0.0714285714285714
0.033333333333333326
0.004672897196261627
0.04347826086956519
0.040000000000000036
0.03125
0.032258064516129004
0.06666666666666665
0.018867924528301883
0.06666666666666665
0.040000000000000036
0.009708737864077666
0.004566210045662156
0.014285714285714235
0.033333333333333326
0.033333333333333326
0.005235602094240788
0.033333333333333326
0.0028985507246376274
0.0008169934640522847
0.008196721311475419
0.050000000000000044
0.033333333333333326
0.023809523809523836
0.033333333333333326
0.014285714285714235
0.045454545454545414
0.0023419203747072626
0.0092592592592593
0.045454545454545414
0.006535947712418277
0.050000000000000044
0.03703703703703709
0.052631578947368474
0.0014471780028944004
0.02941176470588236
0.0029325513196480912
0.0714285714285714
0.033333333333333326
0.040000000000000036
0.04347826086956519
0.03125
0.040000000000000036
0.032258064516129004
0.06666666666666665
0.005952380952380931
0.033333333333333326
0.033333333333333326
0.050000000000000044
0.040000000000000036
0.033333333333333326
0.045454545454545414
0.040000000000000036
0.03703703703703709
0.04347826086956519
0.040000000000000036
0.033333333333333326
0.033333333333333326
0.052631578947368474
0.06666666666666665
0.033333333333333326
0.045454545454545414
0.0714285714285714
0.033333333333333326
0.0008169934640522847
0.033333333333333326
0.050000000000000044
0.0092592592592593
0.033333333333333326
0.033333333333333326
0.033333333333333326
0.033333333333333326
0.0012953367875647714
0.06666666666666665
0.0020746887966804906
0.0031347962382445305
0.002617801047120394
0.0040322580645161255
0.0012499999999999734
0.0031746031746031633
0.0019493177387914784
0.0015748031496063408
0.033333333333333326
0.033333333333333326
0.005235602094240788
0.002564102564102555
0.004098360655737654
0.0011862396204033177
0.033333333333333326
0.0028328611898017497
0.0008169934640522847
0.050000000000000044
0.033333333333333326
0.00588235294117645
0.005494505494505475
0.0030864197530864335
0.002004008016032066
0.005988023952095856
0.0009532888465204614
0.0026525198938992522
0.0023419203747072626
0.0012853470437017567
0.0012499999999999734
0.0031347962382445305
0.050000000000000044
0.0060240963855421326
0.0030487804878048808
0.005988023952095856
0.0027247956403270157
0.033333333333333326
0.006711409395973145
0.0009551098376313627
0.04347826086956519
0.0012499999999999734
0.004566210045662156
0.0014556040756914523
0.00588235294117645
0.0026525198938992522
0.06666666666666665
0.050000000000000044
0.040000000000000036
0.045454545454545414
0.040000000000000036
0.03703703703703709
0.040000000000000036
0.052631578947368474
0.032258064516129004
0.06666666666666665
0.045454545454545414
0.0714285714285714
0.06666666666666665
0.050000000000000044
0.040000000000000036
0.045454545454545414
0.040000000000000036
0.03703703703703709
0.04347826086956519
0.040000000000000036
0.03125
0.032258064516129004
0.052631578947368474
0.06666666666666665
0.045454545454545414
0.02941176470588236
0.0714285714285714
0.013513513513513487
0.018867924528301883
0.06666666666666665
0.040000000000000036
0.0040322580645161255
0.033333333333333326
0.004484304932735439
0.033333333333333326
0.008695652173912993
0.033333333333333326
0.021276595744680882
0.008196721311475419
0.008264462809917328
0.004739336492891044
0.050000000000000044
0.033333333333333326
0.023809523809523836
0.019607843137254943
0.014925373134328401
0.0045045045045044585
0.033333333333333326
0.004761904761904745
0.045454545454545414
0.012499999999999956
0.045454545454545414
0.02857142857142858
0.010869565217391353
0.050000000000000044
0.03703703703703709
0.004149377593360981
0.052631578947368474
0.012499999999999956
0.007874015748031482
0.02941176470588236
0.008695652173912993
0.0714285714285714
0.022222222222222254
0.033333333333333326
0.040000000000000036
0.04347826086956519
0.019607843137254943
0.008196721311475419
0.03125
0.0035211267605633756
0.040000000000000036
0.032258064516129004
0.06666666666666665
0.01666666666666672
0.01041666666666663
0.06666666666666665
0.0020746887966804906
0.0040322580645161255
0.0012499999999999734
0.0031746031746031633
0.0019493177387914784
0.002564102564102555
0.004098360655737654
0.0011862396204033177
0.033333333333333326
0.050000000000000044
0.002004008016032066
0.0009532888465204614
0.0026525198938992522
0.0023419203747072626
0.0012853470437017567
0.0012499999999999734
0.0031347962382445305
0.050000000000000044
0.0030487804878048808
0.0027247956403270157
0.033333333333333326
0.006711409395973145
0.0009551098376313627
0.04347826086956519
0.0012499999999999734
0.0014556040756914523
0.033333333333333326
0.033333333333333326
0.050000000000000044
0.040000000000000036
0.033333333333333326
0.045454545454545414
0.040000000000000036
0.03703703703703709
0.040000000000000036
0.033333333333333326
0.033333333333333326
0.052631578947368474
0.06666666666666665
0.033333333333333326
0.045454545454545414
0.0714285714285714
0.0012953367875647714
0.06666666666666665
0.0020746887966804906
0.0031347962382445305
0.002617801047120394
0.0040322580645161255
0.0012499999999999734
0.0031746031746031633
0.0019493177387914784
0.0015748031496063408
0.033333333333333326
0.033333333333333326
0.005235602094240788
0.002564102564102555
0.004098360655737654
0.0011862396204033177
0.033333333333333326
0.0028328611898017497
0.0008169934640522847
0.050000000000000044
0.033333333333333326
0.00588235294117645
0.005494505494505475
0.0030864197530864335
0.002004008016032066
0.005988023952095856
0.0009532888465204614
0.0026525198938992522
0.0023419203747072626
0.0012853470437017567
0.0012499999999999734
0.0033670033670033517
0.0031347962382445305
0.050000000000000044
0.0060240963855421326
0.0030487804878048808
0.0019607843137254832
0.005988023952095856
0.0027247956403270157
0.033333333333333326
0.006711409395973145
0.0009551098376313627
0.04347826086956519
0.0012499999999999734
0.004566210045662156
0.0014556040756914523
0.00588235294117645
0.0026525198938992522
0.06666666666666665
0.050000000000000044
0.040000000000000036
0.045454545454545414
0.040000000000000036
0.050000000000000044
0.03703703703703709
0.04347826086956519
0.040000000000000036
0.03125
0.032258064516129004
0.052631578947368474
0.06666666666666665
0.045454545454545414
0.02941176470588236
0.0714285714285714
0.06666666666666665
0.040000000000000036
0.033333333333333326
0.033333333333333326
0.033333333333333326
0.050000000000000044
0.033333333333333326
0.033333333333333326
0.045454545454545414
0.045454545454545414
0.03703703703703709
0.052631578947368474
0.02941176470588236
0.0714285714285714
0.033333333333333326
0.040000000000000036
0.04347826086956519
0.040000000000000036
0.06666666666666665
0.032258064516129004
0.0012953367875647714
0.06666666666666665
0.0020746887966804906
0.0031347962382445305
0.002617801047120394
0.0040322580645161255
0.0012499999999999734
0.0031746031746031633
0.0019493177387914784
0.0015748031496063408
0.033333333333333326
0.033333333333333326
0.005235602094240788
0.002564102564102555
0.004098360655737654
0.0011862396204033177
0.033333333333333326
0.0028328611898017497
0.0008169934640522847
0.050000000000000044
0.033333333333333326
0.00588235294117645
0.005494505494505475
0.0030864197530864335
0.002004008016032066
0.005988023952095856
0.0009532888465204614
0.0026525198938992522
0.0023419203747072626
0.0012853470437017567
0.0012499999999999734
0.0031347962382445305
0.050000000000000044
0.0060240963855421326
0.0030487804878048808
0.0019607843137254832
0.005988023952095856
0.0027247956403270157
0.033333333333333326
0.006711409395973145
0.0009551098376313627
0.04347826086956519
0.0012499999999999734
0.004566210045662156
0.0014556040756914523
0.00588235294117645
0.0026525198938992522
0.050000000000000044
0.045454545454545414
0.052631578947368474
0.045454545454545414
0.0714285714285714
0.0012953367875647714
0.06666666666666665
0.040000000000000036
0.005649717514124242
0.0031347962382445305
0.0040322580645161255
0.00512820512820511
0.00917431192660545
0.019607843137254943
0.050000000000000044
0.023809523809523836
0.045454545454545414
0.008130081300813052
0.0032573289902280145
0.045454545454545414
0.006535947712418277
0.0031347962382445305
0.050000000000000044
0.03703703703703709
0.052631578947368474
0.02941176470588236
0.0714285714285714
0.003875968992248069
0.006849315068493178
0.022222222222222254
0.004132231404958664
0.004255319148936176
0.040000000000000036
0.04347826086956519
0.03125
0.040000000000000036
0.003875968992248069
0.008333333333333304
0.032258064516129004
0.06666666666666665
0.0092592592592593
0.0714285714285714
0.040000000000000036
0.050000000000000044
0.06666666666666665
0.040000000000000036
0.033333333333333326
0.033333333333333326
0.033333333333333326
0.050000000000000044
0.033333333333333326
0.023809523809523836
0.033333333333333326
0.045454545454545414
0.045454545454545414
0.02857142857142858
0.050000000000000044
0.03703703703703709
0.052631578947368474
0.0714285714285714
0.033333333333333326
0.040000000000000036
0.04347826086956519
0.040000000000000036
0.06666666666666665
0.032258064516129004
0.033333333333333326
0.033333333333333326
0.050000000000000044
0.033333333333333326
0.033333333333333326
0.033333333333333326
0.033333333333333326
0.033333333333333326
0.0092592592592593
0.0008169934640522847
0.033333333333333326
0.050000000000000044
0.0092592592592593
0.033333333333333326
0.033333333333333326
0.033333333333333326
0.033333333333333326
0.06666666666666665
0.050000000000000044
0.045454545454545414
0.0031347962382445305
0.0033670033670033517
0.02857142857142858
0.0031347962382445305
0.050000000000000044
0.04347826086956519
0.03125
0.052631578947368474
0.002564102564102555
0.0030487804878048808
0.0714285714285714
0.050000000000000044
0.06666666666666665
0.050000000000000044
0.040000000000000036
0.045454545454545414
0.040000000000000036
0.03703703703703709
0.04347826086956519
0.040000000000000036
0.052631578947368474
0.032258064516129004
0.06666666666666665
0.045454545454545414
0.0714285714285714
0.033333333333333326
0.033333333333333326
0.033333333333333326
0.050000000000000044
0.06666666666666665
0.040000000000000036
0.033333333333333326
0.033333333333333326
0.033333333333333326
0.050000000000000044
0.033333333333333326
0.033333333333333326
0.045454545454545414
0.045454545454545414
0.02857142857142858
0.050000000000000044
0.03703703703703709
0.052631578947368474
0.0714285714285714
0.033333333333333326
0.040000000000000036
0.04347826086956519
0.040000000000000036
0.06666666666666665
0.032258064516129004
0.050000000000000044
0.045454545454545414
0.03703703703703709
0.040000000000000036
0.045454545454545414
0.0714285714285714
0.033333333333333326
0.0092592592592593
0.0008169934640522847
0.033333333333333326
0.050000000000000044
0.0092592592592593
0.033333333333333326
0.033333333333333326
0.033333333333333326
0.033333333333333326
0.06666666666666665
0.050000000000000044
0.040000000000000036
0.045454545454545414
0.040000000000000036
0.03703703703703709
0.040000000000000036
0.052631578947368474
0.032258064516129004
0.06666666666666665
0.045454545454545414
0.0714285714285714
0.0012953367875647714
0.06666666666666665
0.0020746887966804906
0.0031347962382445305
0.002617801047120394
0.0040322580645161255
0.0012499999999999734
0.0031746031746031633
0.0019493177387914784
0.0015748031496063408
0.033333333333333326
0.033333333333333326
0.002564102564102555
0.004098360655737654
0.0011862396204033177
0.033333333333333326
0.0028328611898017497
0.0008169934640522847
0.050000000000000044
0.033333333333333326
0.00588235294117645
0.005494505494505475
0.0030864197530864335
0.002004008016032066
0.005988023952095856
0.0009532888465204614
0.0026525198938992522
0.0023419203747072626
0.0012853470437017567
0.0012499999999999734
0.0031347962382445305
0.050000000000000044
0.0060240963855421326
0.0030487804878048808
0.0019607843137254832
0.005988023952095856
0.0027247956403270157
0.033333333333333326
0.006711409395973145
0.0009551098376313627
0.04347826086956519
0.0012499999999999734
0.004566210045662156
0.0014556040756914523
0.00588235294117645
0.0026525198938992522
0.018867924528301883
0.06666666666666665
0.050000000000000044
0.045454545454545414
0.03703703703703709
0.052631578947368474
0.040000000000000036
0.06666666666666665
0.045454545454545414
0.0714285714285714
0.050000000000000044
0.06666666666666665
0.050000000000000044
0.040000000000000036
0.045454545454545414
0.040000000000000036
0.03703703703703709
0.040000000000000036
0.052631578947368474
0.032258064516129004
0.06666666666666665
0.045454545454545414
0.0714285714285714
0.050000000000000044
0.018867924528301883
0.06666666666666665
0.050000000000000044
0.040000000000000036
0.045454545454545414
0.03703703703703709
0.050000000000000044
0.040000000000000036
0.052631578947368474
0.06666666666666665
0.045454545454545414
0.0714285714285714
0.004201680672268893
0.0031347962382445305
0.0040322580645161255
0.004566210045662156
0.006756756756756799
0.014285714285714235
0.021276595744680882
0.050000000000000044
0.0035211267605633756
0.008264462809917328
0.004166666666666652
0.012195121951219523
0.013698630136986356
0.01098901098901095
0.006711409395973145
0.012048192771084376
0.005847953216374324
0.0031347962382445305
0.050000000000000044
0.03703703703703709
0.006535947712418277
0.011494252873563204
0.006849315068493178
0.0071428571428571175
0.007462686567164201
0.003597122302158251
0.040000000000000036
0.008264462809917328
0.003875968992248069
0.0012499999999999734
0.008403361344537785
0.007874015748031482
0.018867924528301883
0.06666666666666665
0.012987012987012991
0.004524886877828038
0.013157894736842146
0.014285714285714235
0.004484304932735439
0.003154574132492094
0.0028985507246376274
0.019607843137254943
0.006578947368421018
0.011111111111111072
0.009708737864077666
0.010752688172043001
0.008130081300813052
0.012499999999999956
0.012048192771084376
0.0012499999999999734
0.0033670033670033517
0.02941176470588236
0.0030487804878048808
0.00990099009900991
0.012658227848101222
0.0037735849056603765
0.015151515151515138
0.012987012987012991
0.019607843137254943
0.03125
0.04347826086956519
0.008333333333333304
0.0012953367875647714
0.008403361344537785
0.012345679012345734
0.040000000000000036
0.0019493177387914784
0.008403361344537785
0.01388888888888884
0.0117647058823529
0.012345679012345734
0.023809523809523836
0.013513513513513487
0.004166666666666652
0.014925373134328401
0.002004008016032066
0.0045045045045044585
0.014285714285714235
0.012987012987012991
0.0012853470437017567
0.012820512820512775
0.02857142857142858
0.004149377593360981
0.010000000000000009
0.005952380952380931
0.012658227848101222
0.012499999999999956
0.008695652173912993
0.0714285714285714
0.022222222222222254
0.004255319148936176
0.008196721311475419
0.040000000000000036
0.06666666666666665
0.003875968992248069
0.0014556040756914523
0.01666666666666672
0.01041666666666663
0.008264462809917328
0.009433962264150941
0.0046511627906976605
0.006172839506172867
0.00303030303030305
0.008196721311475419
0.008264462809917328
0.013157894736842146
0.006711409395973145
0.045454545454545414
0.008264462809917328
0.010000000000000009
0.045454545454545414
0.00390625
0.010869565217391353
0.011111111111111072
0.005847953216374324
0.052631578947368474
0.011111111111111072
0.003875968992248069
0.004132231404958664
0.01098901098901095
0.0012499999999999734
0.032258064516129004
0.004901960784313708
0.06666666666666665
0.0020746887966804906
0.0040322580645161255
0.0012499999999999734
0.0031746031746031633
0.0019493177387914784
0.002564102564102555
0.004098360655737654
0.0011862396204033177
0.033333333333333326
0.050000000000000044
0.002004008016032066
0.0009532888465204614
0.0026525198938992522
0.0023419203747072626
0.0012853470437017567
0.0012499999999999734
0.0031347962382445305
0.050000000000000044
0.0030487804878048808
0.0027247956403270157
0.033333333333333326
0.006711409395973145
0.0009551098376313627
0.04347826086956519
0.0012499999999999734
0.0014556040756914523
0.0012953367875647714
0.003389830508474523
0.06666666666666665
0.008403361344537785
0.040000000000000036
0.008264462809917328
0.005649717514124242
0.009708737864077666
0.0040322580645161255
0.004524886877828038
0.0031746031746031633
0.004566210045662156
0.0019493177387914784
0.008403361344537785
0.004484304932735439
0.006756756756756799
0.005235602094240788
0.008264462809917328
0.008695652173912993
0.003154574132492094
0.006849315068493178
0.008196721311475419
0.008264462809917328
0.050000000000000044
0.006578947368421018
0.004739336492891044
0.005780346820809301
0.008264462809917328
0.004566210045662156
0.023809523809523836
0.019607843137254943
0.0031446540880503138
0.004366812227074246
0.004761904761904745
0.045454545454545414
0.0023419203747072626
0.0032573289902280145
0.008264462809917328
0.045454545454545414
0.006535947712418277
0.0031347962382445305
0.03703703703703709
0.004149377593360981
0.052631578947368474
0.005952380952380931
0.007874015748031482
0.0030487804878048808
0.02941176470588236
0.0714285714285714
0.0027247956403270157
0.003875968992248069
0.006849315068493178
0.0038022813688213253
0.004366812227074246
0.007462686567164201
0.006711409395973145
0.0037735849056603765
0.004901960784313708
0.004255319148936176
0.040000000000000036
0.04347826086956519
0.008196721311475419
0.03125
0.0035211267605633756
0.004385964912280715
0.040000000000000036
0.032258064516129004
0.003875968992248069
0.06666666666666665
0.0014556040756914523
0.0026525198938992522
0.008403361344537785
0.033333333333333326
0.033333333333333326
0.033333333333333326
0.050000000000000044
0.06666666666666665
0.040000000000000036
0.0031746031746031633
0.050000000000000044
0.045454545454545414
0.045454545454545414
0.03703703703703709
0.005847953216374324
0.052631578947368474
0.02941176470588236
0.0714285714285714
0.040000000000000036
0.04347826086956519
0.040000000000000036
0.03125
0.032258064516129004
0.003875968992248069
0.06666666666666665
0.005952380952380931
0.033333333333333326
0.018867924528301883
0.033333333333333326
0.050000000000000044
0.040000000000000036
0.033333333333333326
0.045454545454545414
0.02857142857142858
0.040000000000000036
0.03703703703703709
0.040000000000000036
0.033333333333333326
0.033333333333333326
0.052631578947368474
0.06666666666666665
0.033333333333333326
0.045454545454545414
0.0714285714285714
0.050000000000000044
0.033333333333333326
0.06666666666666665
0.033333333333333326
0.050000000000000044
0.040000000000000036
0.033333333333333326
0.045454545454545414
0.040000000000000036
0.050000000000000044
0.03703703703703709
0.04347826086956519
0.040000000000000036
0.033333333333333326
0.033333333333333326
0.052631578947368474
0.06666666666666665
0.045454545454545414
0.0714285714285714
0.06666666666666665
0.0020746887966804906
0.0040322580645161255
0.0012499999999999734
0.0031746031746031633
0.002564102564102555
0.004098360655737654
0.0011862396204033177
0.033333333333333326
0.050000000000000044
0.002004008016032066
0.0009532888465204614
0.0026525198938992522
0.0023419203747072626
0.0012853470437017567
0.0012499999999999734
0.050000000000000044
0.0030487804878048808
0.0027247956403270157
0.033333333333333326
0.006711409395973145
0.0009551098376313627
0.04347826086956519
0.0012499999999999734
0.0014556040756914523
0.06666666666666665
0.040000000000000036
0.033333333333333326
0.033333333333333326
0.033333333333333326
0.050000000000000044
0.033333333333333326
0.023809523809523836
0.033333333333333326
0.045454545454545414
0.045454545454545414
0.02857142857142858
0.050000000000000044
0.03703703703703709
0.052631578947368474
0.0714285714285714
0.033333333333333326
0.040000000000000036
0.04347826086956519
0.040000000000000036
0.06666666666666665
0.032258064516129004
0.018867924528301883
0.06666666666666665
0.050000000000000044
0.040000000000000036
0.045454545454545414
0.040000000000000036
0.03703703703703709
0.04347826086956519
0.02941176470588236
0.040000000000000036
0.03125
0.032258064516129004
0.052631578947368474
0.06666666666666665
0.045454545454545414
0.008695652173912993
0.0714285714285714
0.0012953367875647714
0.06666666666666665
0.0020746887966804906
0.0031347962382445305
0.002617801047120394
0.0040322580645161255
0.0012499999999999734
0.0031746031746031633
0.0019493177387914784
0.0015748031496063408
0.033333333333333326
0.033333333333333326
0.005235602094240788
0.002564102564102555
0.004098360655737654
0.0011862396204033177
0.033333333333333326
0.0028328611898017497
0.0008169934640522847
0.050000000000000044
0.033333333333333326
0.00588235294117645
0.005494505494505475
0.0030864197530864335
0.002004008016032066
0.005988023952095856
0.0009532888465204614
0.0026525198938992522
0.0023419203747072626
0.0012853470437017567
0.045454545454545414
0.0012499999999999734
0.0033670033670033517
0.02857142857142858
0.0031347962382445305
0.050000000000000044
0.0060240963855421326
0.0030487804878048808
0.0019607843137254832
0.005988023952095856
0.0027247956403270157
0.033333333333333326
0.006711409395973145
0.0009551098376313627
0.04347826086956519
0.0012499999999999734
0.0035211267605633756
0.032258064516129004
0.004566210045662156
0.0014556040756914523
0.00588235294117645
0.0026525198938992522
0.013513513513513487
0.018867924528301883
0.06666666666666665
0.040000000000000036
0.033333333333333326
0.050000000000000044
0.033333333333333326
0.023809523809523836
0.033333333333333326
0.045454545454545414
0.045454545454545414
0.02857142857142858
0.010869565217391353
0.050000000000000044
0.03703703703703709
0.052631578947368474
0.02941176470588236
0.0714285714285714
0.040000000000000036
0.04347826086956519
0.040000000000000036
0.03125
0.032258064516129004
0.06666666666666665
0.06666666666666665
0.040000000000000036
0.033333333333333326
0.033333333333333326
0.033333333333333326
0.050000000000000044
0.033333333333333326
0.045454545454545414
0.045454545454545414
0.02857142857142858
0.050000000000000044
0.03703703703703709
0.052631578947368474
0.0714285714285714
0.033333333333333326
0.040000000000000036
0.04347826086956519
0.040000000000000036
0.06666666666666665
0.032258064516129004
0.013513513513513487
0.018867924528301883
0.06666666666666665
0.040000000000000036
0.033333333333333326
0.050000000000000044
0.033333333333333326
0.023809523809523836
0.033333333333333326
0.045454545454545414
0.045454545454545414
0.02857142857142858
0.010869565217391353
0.050000000000000044
0.03703703703703709
0.052631578947368474
0.02941176470588236
0.0714285714285714
0.040000000000000036
0.04347826086956519
0.040000000000000036
0.03125
0.032258064516129004
0.06666666666666665
0.050000000000000044
0.045454545454545414
0.02857142857142858
0.04347826086956519
0.050000000000000044
0.0030487804878048808
0.050000000000000044
0.033333333333333326
0.0028328611898017497
0.033333333333333326
0.002617801047120394
0.00588235294117645
0.005494505494505475
0.0030864197530864335
0.0015748031496063408
0.002004008016032066
0.005988023952095856
0.004566210045662156
0.0060240963855421326
0.00588235294117645
0.005988023952095856
0.0028328611898017497
0.002617801047120394
0.00588235294117645
0.005494505494505475
0.0030864197530864335
0.0015748031496063408
0.002004008016032066
0.005988023952095856
0.004566210045662156
0.0060240963855421326
0.00588235294117645
0.005988023952095856
0.0028328611898017497
0.002617801047120394
0.00588235294117645
0.005494505494505475
0.0030864197530864335
0.0015748031496063408
0.002004008016032066
0.005988023952095856
0.004566210045662156
0.0060240963855421326
0.00588235294117645
0.005988023952095856
0.0028328611898017497
0.0012853470437017567
0.002617801047120394
0.00588235294117645
0.005494505494505475
0.0030864197530864335
0.0015748031496063408
0.002004008016032066
0.005988023952095856
0.004566210045662156
0.0060240963855421326
0.00588235294117645
0.005988023952095856
0.0028328611898017497
0.002617801047120394
0.00588235294117645
0.005494505494505475
0.0030864197530864335
0.0015748031496063408
0.002004008016032066
0.005988023952095856
0.004566210045662156
0.0060240963855421326
0.00588235294117645
0.005988023952095856
0.0028328611898017497
0.002617801047120394
0.00588235294117645
0.005494505494505475
0.0030864197530864335
0.0015748031496063408
0.002004008016032066
0.005988023952095856
0.004566210045662156
0.0060240963855421326
0.00588235294117645
0.005988023952095856
0.033333333333333326
0.0028328611898017497
0.033333333333333326
0.002617801047120394
0.00588235294117645
0.005494505494505475
0.0030864197530864335
0.0015748031496063408
0.002004008016032066
0.005988023952095856
0.004566210045662156
0.0060240963855421326
0.00588235294117645
0.005988023952095856
0.0028328611898017497
0.0012853470437017567
0.002617801047120394
0.00588235294117645
0.005494505494505475
0.0030864197530864335
0.0015748031496063408
0.002004008016032066
0.005988023952095856
0.004566210045662156
0.0060240963855421326
0.00588235294117645
0.005988023952095856
0.0028328611898017497
0.0012853470437017567
0.002617801047120394
0.00588235294117645
0.005494505494505475
0.0030864197530864335
0.0015748031496063408
0.002004008016032066
0.005988023952095856
0.004566210045662156
0.0060240963855421326
0.00588235294117645
0.005988023952095856
0.0028328611898017497
0.002617801047120394
0.00588235294117645
0.005494505494505475
0.0030864197530864335
0.0015748031496063408
0.002004008016032066
0.005988023952095856
0.004566210045662156
0.0060240963855421326
0.00588235294117645
0.005988023952095856
0.0028328611898017497
0.0012853470437017567
0.002617801047120394
0.00588235294117645
0.005494505494505475
0.0030864197530864335
0.0015748031496063408
0.002004008016032066
0.005988023952095856
0.004566210045662156
0.0060240963855421326
0.00588235294117645
0.005988023952095856
0.0028328611898017497
0.002617801047120394
0.00588235294117645
0.005494505494505475
0.0030864197530864335
0.0015748031496063408
0.002004008016032066
0.005988023952095856
0.004566210045662156
0.0060240963855421326
0.00588235294117645
0.005988023952095856
0.018867924528301883
0.012345679012345734
0.06666666666666665
0.040000000000000036
0.0040322580645161255
0.012987012987012991
0.014285714285714235
0.01388888888888884
0.014285714285714235
0.009433962264150941
0.021276595744680882
0.008196721311475419
0.008264462809917328
0.019607843137254943
0.023809523809523836
0.014925373134328401
0.0045045045045044585
0.014285714285714235
0.045454545454545414
0.012987012987012991
0.006711409395973145
0.012048192771084376
0.045454545454545414
0.012820512820512775
0.02857142857142858
0.010869565217391353
0.050000000000000044
0.03703703703703709
0.004149377593360981
0.012658227848101222
0.011494252873563204
0.052631578947368474
0.02941176470588236
0.008695652173912993
0.0714285714285714
0.012658227848101222
0.003875968992248069
0.022222222222222254
0.0037735849056603765
0.01098901098901095
0.004255319148936176
0.040000000000000036
0.012987012987012991
0.019607843137254943
0.04347826086956519
0.03125
0.040000000000000036
0.003875968992248069
0.032258064516129004
0.06666666666666665
0.01666666666666672
0.01041666666666663
0.007874015748031482
0.004201680672268893
0.012345679012345734
0.004347826086956497
0.009433962264150941
0.011111111111111072
0.006329113924050667
0.013698630136986356
0.014285714285714235
0.045454545454545414
0.012987012987012991
0.012048192771084376
0.045454545454545414
0.0024999999999999467
0.03703703703703709
0.010000000000000009
0.012658227848101222
0.011111111111111072
0.02941176470588236
0.0714285714285714
0.0030487804878048808
0.012658227848101222
0.007462686567164201
0.007633587786259555
0.01098901098901095
0.003597122302158251
0.012987012987012991
0.03125
0.040000000000000036
0.06666666666666665
0.007874015748031482
0.004201680672268893
0.06666666666666665
0.004347826086956497
0.040000000000000036
0.0040322580645161255
0.004524886877828038
0.0015748031496063408
0.014285714285714235
0.004484304932735439
0.003236245954692518
0.004098360655737654
0.009433962264150941
0.0028985507246376274
0.0046511627906976605
0.011111111111111072
0.023809523809523836
0.006329113924050667
0.004166666666666652
0.010752688172043001
0.013698630136986356
0.00588235294117645
0.014285714285714235
0.045454545454545414
0.012048192771084376
0.045454545454545414
0.0024999999999999467
0.050000000000000044
0.03703703703703709
0.004149377593360981
0.010000000000000009
0.005952380952380931
0.052631578947368474
0.011111111111111072
0.02941176470588236
0.006451612903225823
0.0030487804878048808
0.0714285714285714
0.0071428571428571175
0.007633587786259555
0.01098901098901095
0.003597122302158251
0.04347826086956519
0.019607843137254943
0.03125
0.040000000000000036
0.032258064516129004
0.003875968992248069
0.06666666666666665
0.018867924528301883
0.012345679012345734
0.06666666666666665
0.040000000000000036
0.014285714285714235
0.014285714285714235
0.009433962264150941
0.021276595744680882
0.008196721311475419
0.008264462809917328
0.014285714285714235
0.045454545454545414
0.012987012987012991
0.006711409395973145
0.045454545454545414
0.02857142857142858
0.010869565217391353
0.050000000000000044
0.03703703703703709
0.004149377593360981
0.012658227848101222
0.011494252873563204
0.052631578947368474
0.02941176470588236
0.008695652173912993
0.0714285714285714
0.012658227848101222
0.003875968992248069
0.022222222222222254
0.0037735849056603765
0.01098901098901095
0.004255319148936176
0.040000000000000036
0.012987012987012991
0.019607843137254943
0.04347826086956519
0.03125
0.040000000000000036
0.032258064516129004
0.06666666666666665
0.01666666666666672
0.0714285714285714
0.03125
0.032258064516129004
0.040000000000000036
0.06666666666666665
0.014285714285714235
0.014285714285714235
0.014285714285714235
0.012987012987012991
0.006711409395973145
0.012048192771084376
0.045454545454545414
0.010869565217391353
0.004149377593360981
0.011494252873563204
0.02941176470588236
0.008695652173912993
0.0714285714285714
0.003875968992248069
0.0037735849056603765
0.01098901098901095
0.012987012987012991
0.03125
0.040000000000000036
0.06666666666666665
0.03125
0.06666666666666665
0.02941176470588236
0.014285714285714235
0.0714285714285714
0.06666666666666665
0.03703703703703709
0.03125
0.040000000000000036
0.032258064516129004
0.052631578947368474
0.06666666666666665
0.045454545454545414
0.0714285714285714
0.06666666666666665
0.040000000000000036
0.045454545454545414
0.040000000000000036
0.03703703703703709
0.04347826086956519
0.03125
0.040000000000000036
0.032258064516129004
0.052631578947368474
0.06666666666666665
0.045454545454545414
0.02941176470588236
0.0714285714285714
0.06666666666666665
0.040000000000000036
0.045454545454545414
0.040000000000000036
0.050000000000000044
0.03703703703703709
0.04347826086956519
0.03125
0.040000000000000036
0.032258064516129004
0.052631578947368474
0.06666666666666665
0.045454545454545414
0.02941176470588236
0.0714285714285714
0.06666666666666665
0.040000000000000036
0.045454545454545414
0.040000000000000036
0.03703703703703709
0.04347826086956519
0.03125
0.040000000000000036
0.032258064516129004
0.052631578947368474
0.06666666666666665
0.045454545454545414
0.02941176470588236
0.0714285714285714
0.03703703703703709
0.052631578947368474
0.03125
0.040000000000000036
0.06666666666666665
0.0714285714285714
0.03125
0.040000000000000036
0.06666666666666665
0.02941176470588236
0.0714285714285714
0.06666666666666665
0.040000000000000036
0.045454545454545414
0.040000000000000036
0.050000000000000044
0.03703703703703709
0.04347826086956519
0.03125
0.040000000000000036
0.032258064516129004
0.052631578947368474
0.06666666666666665
0.045454545454545414
0.02941176470588236
0.0714285714285714
0.06666666666666665
0.045454545454545414
0.03703703703703709
0.03125
0.040000000000000036
0.032258064516129004
0.052631578947368474
0.06666666666666665
0.045454545454545414
0.02941176470588236
0.0714285714285714
0.03125
0.0714285714285714
0.06666666666666665
0.040000000000000036
0.045454545454545414
0.03703703703703709
0.03125
0.040000000000000036
0.052631578947368474
0.06666666666666665
0.045454545454545414
0.02941176470588236
0.0714285714285714
0.06666666666666665
0.03125
0.040000000000000036
0.02941176470588236
0.0714285714285714
0.06666666666666665
0.040000000000000036
0.045454545454545414
0.023809523809523836
0.02857142857142858
0.040000000000000036
0.050000000000000044
0.03703703703703709
0.04347826086956519
0.03125
0.040000000000000036
0.032258064516129004
0.052631578947368474
0.06666666666666665
0.045454545454545414
0.02941176470588236
0.0714285714285714
0.06666666666666665
0.03703703703703709
0.052631578947368474
0.03125
0.040000000000000036
0.02941176470588236
0.0714285714285714
0.06666666666666665
0.040000000000000036
0.045454545454545414
0.040000000000000036
0.050000000000000044
0.03703703703703709
0.04347826086956519
0.03125
0.040000000000000036
0.032258064516129004
0.052631578947368474
0.06666666666666665
0.045454545454545414
0.02941176470588236
0.0714285714285714
0.06666666666666665
0.040000000000000036
0.045454545454545414
0.050000000000000044
0.03703703703703709
0.04347826086956519
0.03125
0.040000000000000036
0.032258064516129004
0.052631578947368474
0.06666666666666665
0.045454545454545414
0.02941176470588236
0.0714285714285714
0.06666666666666665
0.040000000000000036
0.045454545454545414
0.023809523809523836
0.02857142857142858
0.040000000000000036
0.050000000000000044
0.03703703703703709
0.04347826086956519
0.03125
0.040000000000000036
0.032258064516129004
0.052631578947368474
0.06666666666666665
0.045454545454545414
0.02941176470588236
0.0714285714285714
0.03125
0.06666666666666665
0.02941176470588236
0.014285714285714235
0.0714285714285714
0.06666666666666665
0.050000000000000044
0.052631578947368474
0.03125
0.06666666666666665
0.02941176470588236
0.0714285714285714
0.0714285714285714
0.03125
0.040000000000000036
0.03703703703703709
0.0714285714285714
0.03125
0.040000000000000036
0.03703703703703709
0.06666666666666665
0.045454545454545414
0.010000000000000009
0.052631578947368474
0.03125
0.06666666666666665
0.045454545454545414
0.011111111111111072
0.02941176470588236
0.0714285714285714
0.03125
0.02941176470588236
0.014285714285714235
0.0714285714285714
0.06666666666666665
0.040000000000000036
0.03703703703703709
0.03125
0.040000000000000036
0.032258064516129004
0.052631578947368474
0.06666666666666665
0.045454545454545414
0.02941176470588236
0.0714285714285714
0.03125
0.06666666666666665
0.02941176470588236
0.014285714285714235
0.0714285714285714
0.007874015748031482
0.06666666666666665
0.012345679012345734
0.040000000000000036
0.009433962264150941
0.011111111111111072
0.013698630136986356
0.014285714285714235
0.045454545454545414
0.012987012987012991
0.012048192771084376
0.045454545454545414
0.050000000000000044
0.03703703703703709
0.010000000000000009
0.012658227848101222
0.052631578947368474
0.011111111111111072
0.02941176470588236
0.0714285714285714
0.0030487804878048808
0.012658227848101222
0.007633587786259555
0.003597122302158251
0.012987012987012991
0.04347826086956519
0.03125
0.06666666666666665
0.032258064516129004
0.06666666666666665
0.03703703703703709
0.03125
0.040000000000000036
0.032258064516129004
0.052631578947368474
0.06666666666666665
0.045454545454545414
0.02941176470588236
0.0714285714285714
0.06666666666666665
0.03703703703703709
0.052631578947368474
0.03125
0.040000000000000036
0.06666666666666665
0.045454545454545414
0.02941176470588236
0.0714285714285714
0.06666666666666665
0.040000000000000036
0.045454545454545414
0.023809523809523836
0.02857142857142858
0.040000000000000036
0.050000000000000044
0.03703703703703709
0.04347826086956519
0.03125
0.040000000000000036
0.032258064516129004
0.052631578947368474
0.06666666666666665
0.045454545454545414
0.02941176470588236
0.0714285714285714
0.06666666666666665
0.040000000000000036
0.045454545454545414
0.02857142857142858
0.040000000000000036
0.050000000000000044
0.03703703703703709
0.04347826086956519
0.03125
0.040000000000000036
0.032258064516129004
0.052631578947368474
0.06666666666666665
0.045454545454545414
0.02941176470588236
0.0714285714285714
0.06666666666666665
0.045454545454545414
0.03703703703703709
0.052631578947368474
0.03125
0.040000000000000036
0.06666666666666665
0.045454545454545414
0.02941176470588236
0.0714285714285714
0.03125
0.040000000000000036
0.032258064516129004
0.06666666666666665
0.02941176470588236
0.0714285714285714
0.06666666666666665
0.045454545454545414
0.03703703703703709
0.050000000000000044
0.03125
0.040000000000000036
0.052631578947368474
0.06666666666666665
0.045454545454545414
0.02941176470588236
0.0714285714285714
0.06666666666666665
0.040000000000000036
0.045454545454545414
0.040000000000000036
0.050000000000000044
0.03703703703703709
0.04347826086956519
0.03125
0.040000000000000036
0.032258064516129004
0.052631578947368474
0.06666666666666665
0.045454545454545414
0.02941176470588236
0.0714285714285714
0.06666666666666665
0.040000000000000036
0.045454545454545414
0.040000000000000036
0.050000000000000044
0.03703703703703709
0.04347826086956519
0.03125
0.040000000000000036
0.032258064516129004
0.052631578947368474
0.06666666666666665
0.045454545454545414
0.02941176470588236
0.0714285714285714
0.06666666666666665
0.03703703703703709
0.052631578947368474
0.03125
0.040000000000000036
0.06666666666666665
0.045454545454545414
0.02941176470588236
0.0714285714285714
0.0046511627906976605
0.06666666666666665
0.0040322580645161255
0.03125
0.02941176470588236
0.003154574132492094
0.03125
0.02941176470588236
0.014285714285714235
0.06666666666666665
0.022222222222222254
0.040000000000000036
0.045454545454545414
0.023809523809523836
0.0040322580645161255
0.040000000000000036
0.050000000000000044
0.03703703703703709
0.04347826086956519
0.03125
0.040000000000000036
0.032258064516129004
0.052631578947368474
0.06666666666666665
0.045454545454545414
0.02941176470588236
0.0714285714285714
0.03125
0.06666666666666665
0.06666666666666665
0.050000000000000044
0.052631578947368474
0.03125
0.040000000000000036
0.06666666666666665
0.045454545454545414
0.02941176470588236
0.0714285714285714
0.06666666666666665
0.03125
0.06666666666666665
0.032258064516129004
0.02941176470588236
0.0714285714285714
0.03125
0.0714285714285714
0.06666666666666665
0.010869565217391353
0.03125
0.040000000000000036
0.06666666666666665
0.02941176470588236
0.014285714285714235
0.0714285714285714
0.03125
0.0714285714285714
0.03125
0.03125
0.02941176470588236
0.0020746887966804906
0.0026525198938992522
0.004255319148936176
0.004385964912280715
0.004366812227074246
0.004366812227074246
0.0030487804878048808
0.0030487804878048808
0.0030487804878048808
0.033333333333333326
0.018867924528301883
0.008196721311475419
0.033333333333333326
0.033333333333333326
0.014285714285714235
0.033333333333333326
0.033333333333333326
0.014285714285714235
0.033333333333333326
0.006849315068493178
0.0034965034965035446
0.006535947712418277
0.040000000000000036
0.0035211267605633756
0.006756756756756799
0.013157894736842146
0.052631578947368474
0.0714285714285714
0.0027247956403270157
0.0012853470437017567
0.06666666666666665
0.040000000000000036
0.045454545454545414
0.03703703703703709
0.04347826086956519
0.050000000000000044
0.040000000000000036
0.052631578947368474
0.06666666666666665
0.045454545454545414
0.0714285714285714
0.045454545454545414
0.03703703703703709
0.06666666666666665
0.052631578947368474
0.040000000000000036
0.045454545454545414
0.0714285714285714
0.06666666666666665
0.040000000000000036
0.045454545454545414
0.03703703703703709
0.04347826086956519
0.050000000000000044
0.040000000000000036
0.052631578947368474
0.06666666666666665
0.045454545454545414
0.0714285714285714
0.03703703703703709
0.040000000000000036
0.033333333333333326
0.045454545454545414
0.0714285714285714
0.040000000000000036
0.0714285714285714
0.045454545454545414
0.03703703703703709
0.06666666666666665
0.052631578947368474
0.040000000000000036
0.045454545454545414
0.0714285714285714
0.06666666666666665
0.03703703703703709
0.052631578947368474
0.040000000000000036
0.06666666666666665
0.0714285714285714
0.06666666666666665
0.040000000000000036
0.040000000000000036
0.03703703703703709
0.050000000000000044
0.040000000000000036
0.052631578947368474
0.032258064516129004
0.06666666666666665
0.045454545454545414
0.0714285714285714
0.040000000000000036
0.045454545454545414
0.03703703703703709
0.052631578947368474
0.040000000000000036
0.06666666666666665
0.045454545454545414
0.0714285714285714
0.040000000000000036
0.0714285714285714
0.052631578947368474
0.040000000000000036
0.0714285714285714
0.06666666666666665
0.040000000000000036
0.0714285714285714
0.03703703703703709
0.06666666666666665
0.045454545454545414
0.04347826086956519
0.052631578947368474
0.040000000000000036
0.032258064516129004
0.06666666666666665
0.045454545454545414
0.02941176470588236
0.0714285714285714
0.06666666666666665
0.03703703703703709
0.052631578947368474
0.040000000000000036
0.032258064516129004
0.06666666666666665
0.045454545454545414
0.0714285714285714
0.050000000000000044
0.06666666666666665
0.052631578947368474
0.040000000000000036
0.045454545454545414
0.0714285714285714
0.045454545454545414
0.040000000000000036
0.0714285714285714
0.040000000000000036
0.0714285714285714
0.06666666666666665
0.040000000000000036
0.045454545454545414
0.03703703703703709
0.04347826086956519
0.050000000000000044
0.040000000000000036
0.052631578947368474
0.06666666666666665
0.045454545454545414
0.0714285714285714
0.06666666666666665
0.045454545454545414
0.03703703703703709
0.052631578947368474
0.040000000000000036
0.032258064516129004
0.06666666666666665
0.045454545454545414
0.0714285714285714
0.052631578947368474
0.040000000000000036
0.06666666666666665
0.045454545454545414
0.0714285714285714
0.040000000000000036
0.0714285714285714
0.040000000000000036
0.033333333333333326
0.040000000000000036
0.03703703703703709
0.040000000000000036
0.033333333333333326
0.033333333333333326
0.052631578947368474
0.06666666666666665
0.033333333333333326
0.045454545454545414
0.0714285714285714
0.052631578947368474
0.040000000000000036
0.0714285714285714
0.06666666666666665
0.040000000000000036
0.040000000000000036
0.06666666666666665
0.052631578947368474
0.040000000000000036
0.045454545454545414
0.0714285714285714
0.040000000000000036
0.045454545454545414
0.06666666666666665
0.052631578947368474
0.040000000000000036
0.045454545454545414
0.0714285714285714
0.045454545454545414
0.03703703703703709
0.06666666666666665
0.052631578947368474
0.040000000000000036
0.045454545454545414
0.0714285714285714
0.040000000000000036
0.045454545454545414
0.0714285714285714
0.03703703703703709
0.040000000000000036
0.06666666666666665
0.052631578947368474
0.040000000000000036
0.045454545454545414
0.0714285714285714
0.06666666666666665
0.040000000000000036
0.03703703703703709
0.050000000000000044
0.040000000000000036
0.052631578947368474
0.032258064516129004
0.06666666666666665
0.045454545454545414
0.0714285714285714
0.040000000000000036
0.0714285714285714
0.018867924528301883
0.052631578947368474
0.040000000000000036
0.06666666666666665
0.045454545454545414
0.0714285714285714
0.052631578947368474
0.040000000000000036
0.06666666666666665
0.045454545454545414
0.0714285714285714
0.06666666666666665
0.045454545454545414
0.04347826086956519
0.052631578947368474
0.040000000000000036
0.032258064516129004
0.06666666666666665
0.045454545454545414
0.02941176470588236
0.0714285714285714
0.052631578947368474
0.040000000000000036
0.06666666666666665
0.045454545454545414
0.0714285714285714
0.040000000000000036
0.0714285714285714
0.06666666666666665
0.040000000000000036
0.045454545454545414
0.040000000000000036
0.03703703703703709
0.040000000000000036
0.052631578947368474
0.06666666666666665
0.045454545454545414
0.0714285714285714
0.06666666666666665
0.040000000000000036
0.045454545454545414
0.03703703703703709
0.050000000000000044
0.04347826086956519
0.040000000000000036
0.052631578947368474
0.032258064516129004
0.06666666666666665
0.045454545454545414
0.02941176470588236
0.0714285714285714
0.040000000000000036
0.0714285714285714
0.03703703703703709
0.06666666666666665
0.052631578947368474
0.040000000000000036
0.045454545454545414
0.0714285714285714
0.040000000000000036
0.0714285714285714
0.040000000000000036
0.0714285714285714
0.045454545454545414
0.052631578947368474
0.040000000000000036
0.06666666666666665
0.0714285714285714
0.06666666666666665
0.052631578947368474
0.040000000000000036
0.06666666666666665
0.0714285714285714
0.040000000000000036
0.0714285714285714
0.03703703703703709
0.06666666666666665
0.052631578947368474
0.040000000000000036
0.045454545454545414
0.0714285714285714
0.06666666666666665
0.052631578947368474
0.040000000000000036
0.06666666666666665
0.045454545454545414
0.0714285714285714
0.052631578947368474
0.040000000000000036
0.0714285714285714
0.06666666666666665
0.040000000000000036
0.0714285714285714
0.06666666666666665
0.03703703703703709
0.052631578947368474
0.040000000000000036
0.06666666666666665
0.0714285714285714
0.06666666666666665
0.040000000000000036
0.045454545454545414
0.040000000000000036
0.03703703703703709
0.050000000000000044
0.04347826086956519
0.040000000000000036
0.052631578947368474
0.032258064516129004
0.06666666666666665
0.045454545454545414
0.0714285714285714
0.06666666666666665
0.040000000000000036
0.045454545454545414
0.02857142857142858
0.040000000000000036
0.050000000000000044
0.03703703703703709
0.04347826086956519
0.040000000000000036
0.052631578947368474
0.032258064516129004
0.06666666666666665
0.045454545454545414
0.0714285714285714
0.045454545454545414
0.03703703703703709
0.04347826086956519
0.050000000000000044
0.040000000000000036
0.052631578947368474
0.06666666666666665
0.045454545454545414
0.0714285714285714
0.06666666666666665
0.040000000000000036
0.045454545454545414
0.03703703703703709
0.040000000000000036
0.052631578947368474
0.032258064516129004
0.06666666666666665
0.045454545454545414
0.0714285714285714
0.03703703703703709
0.052631578947368474
0.040000000000000036
0.045454545454545414
0.0714285714285714
0.06666666666666665
0.045454545454545414
0.03703703703703709
0.052631578947368474
0.040000000000000036
0.032258064516129004
0.06666666666666665
0.045454545454545414
0.0714285714285714
0.06666666666666665
0.045454545454545414
0.04347826086956519
0.03703703703703709
0.052631578947368474
0.040000000000000036
0.06666666666666665
0.045454545454545414
0.0714285714285714
0.045454545454545414
0.040000000000000036
0.045454545454545414
0.0714285714285714
0.06666666666666665
0.040000000000000036
0.045454545454545414
0.02857142857142858
0.03703703703703709
0.050000000000000044
0.04347826086956519
0.040000000000000036
0.052631578947368474
0.06666666666666665
0.045454545454545414
0.0714285714285714
0.040000000000000036
0.033333333333333326
0.03703703703703709
0.040000000000000036
0.033333333333333326
0.033333333333333326
0.052631578947368474
0.06666666666666665
0.045454545454545414
0.0714285714285714
0.06666666666666665
0.03703703703703709
0.052631578947368474
0.040000000000000036
0.06666666666666665
0.045454545454545414
0.0714285714285714
0.040000000000000036
0.0714285714285714
0.045454545454545414
0.040000000000000036
0.0714285714285714
0.040000000000000036
0.033333333333333326
0.045454545454545414
0.03703703703703709
0.040000000000000036
0.033333333333333326
0.033333333333333326
0.052631578947368474
0.06666666666666665
0.045454545454545414
0.0714285714285714
0.06666666666666665
0.040000000000000036
0.045454545454545414
0.03703703703703709
0.052631578947368474
0.040000000000000036
0.06666666666666665
0.045454545454545414
0.0714285714285714
0.040000000000000036
0.0714285714285714
0.045454545454545414
0.050000000000000044
0.06666666666666665
0.052631578947368474
0.040000000000000036
0.045454545454545414
0.0714285714285714
0.040000000000000036
0.033333333333333326
0.03703703703703709
0.040000000000000036
0.033333333333333326
0.033333333333333326
0.052631578947368474
0.06666666666666665
0.045454545454545414
0.0714285714285714
0.013513513513513487
0.018867924528301883
0.03703703703703709
0.052631578947368474
0.040000000000000036
0.06666666666666665
0.0714285714285714
0.040000000000000036
0.06666666666666665
0.052631578947368474
0.040000000000000036
0.045454545454545414
0.0714285714285714
0.040000000000000036
0.0714285714285714
0.06666666666666665
0.03703703703703709
0.050000000000000044
0.052631578947368474
0.040000000000000036
0.06666666666666665
0.045454545454545414
0.0714285714285714
0.045454545454545414
0.03703703703703709
0.06666666666666665
0.052631578947368474
0.040000000000000036
0.045454545454545414
0.0714285714285714
0.033333333333333326
0.033333333333333326
0.033333333333333326
0.045454545454545414
0.040000000000000036
0.033333333333333326
0.033333333333333326
0.033333333333333326
0.045454545454545414
0.0714285714285714
0.045454545454545414
0.03703703703703709
0.06666666666666665
0.052631578947368474
0.040000000000000036
0.045454545454545414
0.0714285714285714
0.040000000000000036
0.02941176470588236
0.0714285714285714
0.06666666666666665
0.045454545454545414
0.040000000000000036
0.045454545454545414
0.0714285714285714
0.06666666666666665
0.045454545454545414
0.03703703703703709
0.052631578947368474
0.040000000000000036
0.06666666666666665
0.045454545454545414
0.0714285714285714
0.045454545454545414
0.03703703703703709
0.052631578947368474
0.040000000000000036
0.045454545454545414
0.0714285714285714
0.040000000000000036
0.0714285714285714
0.06666666666666665
0.040000000000000036
0.0714285714285714
0.06666666666666665
0.045454545454545414
0.03703703703703709
0.052631578947368474
0.040000000000000036
0.06666666666666665
0.045454545454545414
0.0714285714285714
0.040000000000000036
0.0714285714285714
0.06666666666666665
0.040000000000000036
0.045454545454545414
0.03703703703703709
0.050000000000000044
0.040000000000000036
0.052631578947368474
0.06666666666666665
0.045454545454545414
0.0714285714285714
0.03703703703703709
0.052631578947368474
0.040000000000000036
0.06666666666666665
0.045454545454545414
0.02941176470588236
0.0714285714285714
0.040000000000000036
0.033333333333333326
0.040000000000000036
0.033333333333333326
0.033333333333333326
0.052631578947368474
0.033333333333333326
0.045454545454545414
0.0714285714285714
0.052631578947368474
0.040000000000000036
0.0714285714285714
0.06666666666666665
0.03703703703703709
0.050000000000000044
0.052631578947368474
0.040000000000000036
0.06666666666666665
0.045454545454545414
0.0714285714285714
0.040000000000000036
0.06666666666666665
0.03703703703703709
0.052631578947368474
0.040000000000000036
0.06666666666666665
0.045454545454545414
0.0714285714285714
0.06666666666666665
0.040000000000000036
0.045454545454545414
0.03703703703703709
0.04347826086956519
0.050000000000000044
0.040000000000000036
0.052631578947368474
0.06666666666666665
0.045454545454545414
0.0714285714285714
0.06666666666666665
0.040000000000000036
0.045454545454545414
0.040000000000000036
0.03703703703703709
0.040000000000000036
0.052631578947368474
0.06666666666666665
0.045454545454545414
0.0714285714285714
0.040000000000000036
0.0714285714285714
0.040000000000000036
0.06666666666666665
0.03703703703703709
0.052631578947368474
0.040000000000000036
0.06666666666666665
0.0714285714285714
0.040000000000000036
0.052631578947368474
0.040000000000000036
0.06666666666666665
0.045454545454545414
0.0714285714285714
0.040000000000000036
0.040000000000000036
0.045454545454545414
0.03703703703703709
0.040000000000000036
0.052631578947368474
0.032258064516129004
0.06666666666666665
0.045454545454545414
0.02941176470588236
0.0714285714285714
0.040000000000000036
0.0714285714285714
0.045454545454545414
0.052631578947368474
0.040000000000000036
0.06666666666666665
0.045454545454545414
0.0714285714285714
0.040000000000000036
0.0714285714285714
0.06666666666666665
0.03703703703703709
0.052631578947368474
0.040000000000000036
0.06666666666666665
0.045454545454545414
0.0714285714285714
0.045454545454545414
0.052631578947368474
0.040000000000000036
0.06666666666666665
0.02941176470588236
0.0714285714285714
0.06666666666666665
0.040000000000000036
0.045454545454545414
0.03703703703703709
0.04347826086956519
0.050000000000000044
0.040000000000000036
0.052631578947368474
0.06666666666666665
0.045454545454545414
0.0714285714285714
0.06666666666666665
0.045454545454545414
0.03703703703703709
0.052631578947368474
0.040000000000000036
0.06666666666666665
0.045454545454545414
0.0714285714285714
0.040000000000000036
0.0714285714285714
0.06666666666666665
0.050000000000000044
0.052631578947368474
0.040000000000000036
0.06666666666666665
0.045454545454545414
0.0714285714285714
0.06666666666666665
0.040000000000000036
0.045454545454545414
0.02857142857142858
0.040000000000000036
0.050000000000000044
0.03703703703703709
0.04347826086956519
0.040000000000000036
0.052631578947368474
0.032258064516129004
0.06666666666666665
0.045454545454545414
0.0714285714285714
0.040000000000000036
0.0714285714285714
0.052631578947368474
0.040000000000000036
0.0714285714285714
0.06666666666666665
0.052631578947368474
0.040000000000000036
0.06666666666666665
0.0714285714285714
0.052631578947368474
0.040000000000000036
0.0714285714285714
0.06666666666666665
0.018867924528301883
0.06666666666666665
0.040000000000000036
0.033333333333333326
0.045454545454545414
0.040000000000000036
0.03703703703703709
0.040000000000000036
0.033333333333333326
0.033333333333333326
0.052631578947368474
0.06666666666666665
0.045454545454545414
0.0714285714285714
0.040000000000000036
0.033333333333333326
0.045454545454545414
0.02857142857142858
0.03703703703703709
0.04347826086956519
0.040000000000000036
0.052631578947368474
0.033333333333333326
0.06666666666666665
0.045454545454545414
0.0714285714285714
0.040000000000000036
0.0714285714285714
0.040000000000000036
0.033333333333333326
0.045454545454545414
0.03703703703703709
0.040000000000000036
0.033333333333333326
0.033333333333333326
0.052631578947368474
0.06666666666666665
0.045454545454545414
0.0714285714285714
0.06666666666666665
0.03703703703703709
0.052631578947368474
0.040000000000000036
0.06666666666666665
0.045454545454545414
0.0714285714285714
0.040000000000000036
0.0714285714285714
0.06666666666666665
0.040000000000000036
0.045454545454545414
0.023809523809523836
0.02857142857142858
0.040000000000000036
0.050000000000000044
0.03703703703703709
0.04347826086956519
0.040000000000000036
0.052631578947368474
0.032258064516129004
0.06666666666666665
0.045454545454545414
0.0714285714285714
0.040000000000000036
0.0714285714285714
0.040000000000000036
0.06666666666666665
0.040000000000000036
0.045454545454545414
0.03703703703703709
0.040000000000000036
0.052631578947368474
0.032258064516129004
0.06666666666666665
0.045454545454545414
0.0714285714285714
0.018867924528301883
0.06666666666666665
0.040000000000000036
0.045454545454545414
0.040000000000000036
0.03703703703703709
0.040000000000000036
0.033333333333333326
0.052631578947368474
0.06666666666666665
0.045454545454545414
0.02941176470588236
0.0714285714285714
0.040000000000000036
0.0714285714285714
0.06666666666666665
0.040000000000000036
0.045454545454545414
0.040000000000000036
0.03703703703703709
0.04347826086956519
0.040000000000000036
0.052631578947368474
0.032258064516129004
0.06666666666666665
0.045454545454545414
0.0714285714285714
0.040000000000000036
0.0714285714285714
0.06666666666666665
0.040000000000000036
0.045454545454545414
0.023809523809523836
0.02857142857142858
0.040000000000000036
0.050000000000000044
0.03703703703703709
0.04347826086956519
0.040000000000000036
0.052631578947368474
0.032258064516129004
0.06666666666666665
0.045454545454545414
0.02941176470588236
0.0714285714285714
0.052631578947368474
0.040000000000000036
0.06666666666666665
0.045454545454545414
0.0714285714285714
0.045454545454545414
0.03703703703703709
0.052631578947368474
0.040000000000000036
0.045454545454545414
0.0714285714285714
0.052631578947368474
0.040000000000000036
0.0714285714285714
0.06666666666666665
0.06666666666666665
0.040000000000000036
0.045454545454545414
0.023809523809523836
0.02857142857142858
0.040000000000000036
0.050000000000000044
0.03703703703703709
0.04347826086956519
0.040000000000000036
0.052631578947368474
0.032258064516129004
0.06666666666666665
0.045454545454545414
0.0714285714285714
0.06666666666666665
0.040000000000000036
0.045454545454545414
0.04347826086956519
0.03703703703703709
0.040000000000000036
0.052631578947368474
0.032258064516129004
0.06666666666666665
0.045454545454545414
0.0714285714285714
0.040000000000000036
0.0714285714285714
0.06666666666666665
0.040000000000000036
0.045454545454545414
0.023809523809523836
0.03703703703703709
0.040000000000000036
0.052631578947368474
0.032258064516129004
0.06666666666666665
0.045454545454545414
0.0714285714285714
0.06666666666666665
0.040000000000000036
0.045454545454545414
0.040000000000000036
0.03703703703703709
0.050000000000000044
0.04347826086956519
0.040000000000000036
0.052631578947368474
0.032258064516129004
0.06666666666666665
0.045454545454545414
0.0714285714285714
0.045454545454545414
0.04347826086956519
0.03703703703703709
0.052631578947368474
0.040000000000000036
0.06666666666666665
0.045454545454545414
0.0714285714285714
0.052631578947368474
0.040000000000000036
0.0714285714285714
0.06666666666666665
0.033333333333333326
0.033333333333333326
0.040000000000000036
0.033333333333333326
0.045454545454545414
0.040000000000000036
0.033333333333333326
0.033333333333333326
0.033333333333333326
0.045454545454545414
0.0714285714285714
0.040000000000000036
0.045454545454545414
0.0714285714285714
0.052631578947368474
0.040000000000000036
0.0714285714285714
0.06666666666666665
0.040000000000000036
0.06666666666666665
0.040000000000000036
0.045454545454545414
0.02857142857142858
0.040000000000000036
0.050000000000000044
0.03703703703703709
0.04347826086956519
0.040000000000000036
0.052631578947368474
0.032258064516129004
0.06666666666666665
0.045454545454545414
0.0714285714285714
0.045454545454545414
0.040000000000000036
0.0714285714285714
0.040000000000000036
0.0714285714285714
0.045454545454545414
0.03703703703703709
0.06666666666666665
0.052631578947368474
0.040000000000000036
0.045454545454545414
0.0714285714285714
0.045454545454545414
0.040000000000000036
0.045454545454545414
0.0714285714285714
0.052631578947368474
0.040000000000000036
0.0714285714285714
0.06666666666666665
0.040000000000000036
0.040000000000000036
0.0714285714285714
0.040000000000000036
0.0714285714285714
0.06666666666666665
0.045454545454545414
0.04347826086956519
0.03703703703703709
0.040000000000000036
0.052631578947368474
0.032258064516129004
0.06666666666666665
0.045454545454545414
0.0714285714285714
0.06666666666666665
0.052631578947368474
0.040000000000000036
0.032258064516129004
0.06666666666666665
0.045454545454545414
0.0714285714285714
0.06666666666666665
0.040000000000000036
0.045454545454545414
0.04347826086956519
0.03703703703703709
0.040000000000000036
0.052631578947368474
0.032258064516129004
0.06666666666666665
0.045454545454545414
0.0714285714285714
0.06666666666666665
0.040000000000000036
0.045454545454545414
0.03703703703703709
0.052631578947368474
0.040000000000000036
0.06666666666666665
0.045454545454545414
0.0714285714285714
0.06666666666666665
0.040000000000000036
0.045454545454545414
0.023809523809523836
0.02857142857142858
0.040000000000000036
0.050000000000000044
0.03703703703703709
0.04347826086956519
0.040000000000000036
0.052631578947368474
0.032258064516129004
0.06666666666666665
0.045454545454545414
0.02941176470588236
0.0714285714285714
0.040000000000000036
0.0714285714285714
0.040000000000000036
0.032258064516129004
0.0714285714285714
0.06666666666666665
0.040000000000000036
0.0714285714285714
0.06666666666666665
0.03703703703703709
0.052631578947368474
0.040000000000000036
0.032258064516129004
0.06666666666666665
0.045454545454545414
0.02941176470588236
0.0714285714285714
0.06666666666666665
0.052631578947368474
0.040000000000000036
0.06666666666666665
0.045454545454545414
0.0714285714285714
0.06666666666666665
0.040000000000000036
0.045454545454545414
0.040000000000000036
0.03703703703703709
0.04347826086956519
0.040000000000000036
0.052631578947368474
0.032258064516129004
0.06666666666666665
0.045454545454545414
0.02941176470588236
0.0714285714285714
0.06666666666666665
0.052631578947368474
0.040000000000000036
0.06666666666666665
0.02941176470588236
0.0714285714285714
0.045454545454545414
0.03703703703703709
0.06666666666666665
0.052631578947368474
0.040000000000000036
0.045454545454545414
0.0714285714285714
0.033333333333333326
0.033333333333333326
0.040000000000000036
0.033333333333333326
0.040000000000000036
0.0714285714285714
0.0092592592592593
0.0012499999999999734
0.0012499999999999734
0.0012499999999999734
0.0012499999999999734
0.0012499999999999734
0.0012499999999999734
0.014285714285714235
0.033333333333333326
0.033333333333333326
0.033333333333333326
0.033333333333333326
0.033333333333333326
0.033333333333333326
0.033333333333333326
0.033333333333333326
0.040000000000000036
0.033333333333333326
0.03703703703703709
0.033333333333333326
0.033333333333333326
0.033333333333333326
0.045454545454545414
0.0714285714285714
0.033333333333333326
0.033333333333333326
0.033333333333333326
0.033333333333333326
0.033333333333333326
0.033333333333333326
0.033333333333333326
0.033333333333333326
0.033333333333333326
0.033333333333333326
0.033333333333333326
0.033333333333333326
0.033333333333333326
0.033333333333333326
0.033333333333333326
0.033333333333333326
0.033333333333333326
0.033333333333333326
0.033333333333333326
0.033333333333333326
0.0714285714285714
0.033333333333333326
0.033333333333333326
0.033333333333333326
0.033333333333333326
0.033333333333333326
0.033333333333333326
0.06666666666666665
0.033333333333333326
0.045454545454545414
0.03703703703703709
0.050000000000000044
0.06666666666666665
0.033333333333333326
0.0714285714285714
0.033333333333333326
0.033333333333333326
0.033333333333333326
0.033333333333333326
0.033333333333333326
0.033333333333333326
0.033333333333333326
0.033333333333333326
0.033333333333333326
0.033333333333333326
0.033333333333333326
0.0714285714285714
0.033333333333333326
0.033333333333333326
0.033333333333333326
0.033333333333333326
0.033333333333333326
0.033333333333333326
0.033333333333333326
0.033333333333333326
0.040000000000000036
0.045454545454545414
0.03703703703703709
0.033333333333333326
0.045454545454545414
0.014285714285714235
0.0714285714285714
0.0714285714285714
0.0714285714285714
0.040000000000000036
0.045454545454545414
0.04347826086956519
0.03703703703703709
0.045454545454545414
0.0714285714285714
0.06666666666666665
0.0714285714285714
0.0714285714285714
0.0714285714285714
0.052631578947368474
0.06666666666666665
0.0714285714285714
0.06666666666666665
0.0714285714285714
0.0714285714285714
0.03703703703703709
0.0714285714285714
0.0714285714285714
0.0714285714285714
0.045454545454545414
0.0714285714285714
0.0714285714285714
0.0714285714285714
0.0714285714285714
0.0714285714285714
0.0714285714285714
0.0714285714285714
0.0714285714285714
0.045454545454545414
0.0714285714285714
0.0714285714285714
0.0714285714285714
0.0714285714285714
0.0714285714285714
0.033333333333333326
0.0714285714285714
0.0714285714285714
0.0714285714285714
0.0714285714285714
0.0714285714285714
0.0714285714285714
0.03703703703703709
0.0714285714285714
0.045454545454545414
0.0714285714285714
0.03703703703703709
0.0714285714285714
0.045454545454545414
0.040000000000000036
0.0714285714285714
0.04347826086956519
0.0714285714285714
0.0714285714285714
0.0714285714285714
0.0714285714285714
0.0714285714285714
0.045454545454545414
0.0714285714285714
0.050000000000000044
0.0714285714285714
0.0714285714285714
0.03703703703703709
0.06666666666666665
0.052631578947368474
0.045454545454545414
0.0714285714285714
0.045454545454545414
0.040000000000000036
0.0714285714285714
0.04347826086956519
0.0092592592592593
0.0714285714285714
0.0714285714285714
0.0714285714285714
0.0714285714285714
0.033333333333333326
0.0714285714285714
0.0714285714285714
0.0714285714285714
0.0714285714285714
0.0714285714285714
0.052631578947368474
0.0714285714285714
0.06666666666666665
0.052631578947368474
0.0714285714285714
0.06666666666666665
0.033333333333333326
0.040000000000000036
0.045454545454545414
0.03703703703703709
0.033333333333333326
0.045454545454545414
0.0028328611898017497
0.002617801047120394
0.002617801047120394
0.0031347962382445305
0.0015748031496063408
0.0015748031496063408
0.0015748031496063408
0.0015748031496063408
0.040000000000000036
0.045454545454545414
0.040000000000000036
0.045454545454545414
0.045454545454545414
0.040000000000000036
0.040000000000000036
0.045454545454545414
